"Date","Depth..m.","Temp...degC.","Sal.","Cond...mS.cm.","EC25..µS.cm.","Density..kg.m3.","SigmaT","Chl.Flu...ppb.","Chl.a..µg.l.","Turb...FTU.","pH","DO....","Weiss.DO..mg.l.","Quant...µmol..m2.s..","Mark","G.G.DO..mg.l.","B.K.DO..mg.l.","X","Station"
"5/24/2022 8:16:02 AM",6.089,29.611,50.685,80.188,72803.3,1033.709,33.683,0.117,0.117,0.175,8.03,95.176,5.445,165.587,0,5.457,5.461,NA,13
"5/24/2022 8:16:03 AM",6.217,29.61,50.689,80.193,72808.6,1033.713,33.686,0.109,0.109,0.087,8.03,95.194,5.446,165.163,0,5.458,5.462,NA,13
"5/24/2022 8:16:03 AM",6.36,29.612,50.688,80.195,72807.4,1033.712,33.685,0,0,0,8.029,95.203,5.446,143.073,0,5.459,5.462,NA,13
"5/24/2022 8:16:03 AM",6.605,29.612,50.689,80.196,72808.6,1033.714,33.685,0,0,0,8.025,95.056,5.438,110.193,0,5.45,5.454,NA,13
"5/24/2022 8:16:03 AM",6.775,29.613,50.679,80.184,72796,1033.706,33.677,0,0,0,8.026,94.996,5.435,78.503,0,5.447,5.45,NA,13
"5/24/2022 8:16:03 AM",6.937,29.614,50.68,80.187,72797.7,1033.708,33.678,0,0,0,8.028,94.963,5.433,55.819,0,5.445,5.448,NA,13
"5/24/2022 8:16:04 AM",7.093,29.614,50.682,80.189,72800,1033.71,33.68,0,0,0,8.027,94.922,5.43,41.97,0,5.443,5.446,NA,13
"5/24/2022 8:16:04 AM",7.251,29.613,50.689,80.199,72809.4,1033.716,33.686,0.07,0.07,0,8.027,94.761,5.421,35.428,0,5.433,5.437,NA,13
"5/24/2022 8:16:04 AM",7.484,29.613,50.694,80.206,72815.6,1033.721,33.689,1.256,1.256,2.828,8.026,94.556,5.409,40.441,0,5.421,5.424,NA,13
"5/24/2022 8:16:04 AM",7.599,29.614,50.696,80.21,72818.3,1033.723,33.691,1.49,1.49,3.397,8.024,94.613,5.412,74.34,0,5.424,5.428,NA,13
"5/24/2022 8:16:05 AM",7.675,29.614,50.699,80.213,72821.5,1033.725,33.692,0.569,0.569,1.238,8.023,94.477,5.405,165.587,0,5.417,5.42,NA,13
"5/24/2022 8:16:05 AM",7.766,29.614,50.701,80.216,72823.8,1033.727,33.694,0.203,0.203,0.364,8.022,94.496,5.405,201.611,0,5.417,5.421,NA,13
"5/24/2022 8:16:05 AM",7.964,29.615,50.701,80.217,72824.2,1033.728,33.694,0.07,0.07,0.044,8.023,94.49,5.405,171.535,0,5.417,5.421,NA,13
"5/24/2022 8:16:05 AM",8.071,29.615,50.704,80.221,72827.7,1033.73,33.696,0.07,0.07,0.087,8.023,94.277,5.393,147.916,0,5.405,5.408,NA,13
"5/24/2022 8:16:05 AM",8.191,29.615,50.702,80.22,72826,1033.73,33.695,0.094,0.094,0.116,8.025,94.206,5.389,147.321,0,5.401,5.404,NA,13
"5/24/2022 8:16:06 AM",8.313,29.614,50.704,80.222,72828.7,1033.732,33.696,0.062,0.062,0.029,8.027,94.238,5.39,133.303,0,5.403,5.406,NA,13
"5/24/2022 8:16:06 AM",8.433,29.614,50.716,80.238,72843.3,1033.741,33.705,0.133,0.133,0.146,8.028,94.254,5.391,139.929,0,5.404,5.407,NA,13
"5/24/2022 8:16:06 AM",8.49,29.614,50.721,80.244,72849.2,1033.745,33.709,0.086,0.086,0.102,8.028,94.165,5.386,151.399,0,5.398,5.401,NA,13
"5/24/2022 8:16:06 AM",8.522,29.614,50.722,80.245,72851,1033.746,33.71,0.07,0.07,0.058,8.028,94.179,5.387,158.961,0,5.399,5.402,NA,13
"5/24/2022 8:16:06 AM",8.461,29.614,50.724,80.249,72853.1,1033.747,33.711,0.078,0.078,0.073,8.029,94.058,5.38,169.411,0,5.392,5.395,NA,13
"5/24/2022 8:16:07 AM",8.315,29.615,50.738,80.268,72870.3,1033.757,33.722,0.055,0.055,0.073,8.03,94.02,5.377,192.86,0,5.389,5.393,NA,13
"5/24/2022 8:16:07 AM",8.179,29.615,50.74,80.272,72872.7,1033.758,33.723,0.047,0.047,0.015,8.031,93.861,5.368,201.186,0,5.38,5.383,NA,13
"5/24/2022 8:16:07 AM",8.051,29.615,50.742,80.274,72874.8,1033.759,33.724,0.062,0.062,0.058,8.033,93.909,5.371,227.778,0,5.383,5.386,NA,13
"5/24/2022 8:16:07 AM",7.945,29.616,50.74,80.273,72872.4,1033.756,33.723,0.07,0.07,0.073,8.034,93.902,5.37,227.948,0,5.382,5.386,NA,13
"5/24/2022 8:16:07 AM",7.853,29.615,50.742,80.275,72875.4,1033.758,33.725,0.078,0.078,0.087,8.034,93.8,5.365,209.427,0,5.377,5.38,NA,13
"5/24/2022 8:16:08 AM",7.809,29.615,50.744,80.277,72877,1033.759,33.726,0.094,0.094,0.116,8.035,93.896,5.37,208.068,0,5.382,5.385,NA,13
"5/24/2022 8:16:08 AM",7.769,29.615,50.746,80.279,72880.3,1033.761,33.728,0.078,0.078,0.073,8.035,93.85,5.367,197.448,0,5.379,5.383,NA,13
"5/24/2022 8:16:08 AM",7.729,29.615,50.745,80.278,72878.4,1033.76,33.727,0.07,0.07,0.073,8.035,93.799,5.365,178.077,0,5.377,5.38,NA,13
"5/24/2022 8:16:08 AM",7.684,29.615,50.746,80.279,72879.8,1033.76,33.728,0.078,0.078,0.044,8.036,93.973,5.375,166.692,0,5.387,5.39,NA,13
"5/24/2022 8:16:08 AM",7.628,29.614,50.748,80.281,72881.9,1033.762,33.729,0.078,0.078,0.087,8.036,93.919,5.372,164.313,0,5.384,5.387,NA,13
"5/24/2022 8:16:09 AM",7.599,29.615,50.747,80.281,72881.5,1033.761,33.729,0.078,0.078,0.058,8.036,93.879,5.369,168.221,0,5.381,5.384,NA,13
"5/24/2022 8:16:09 AM",7.569,29.615,50.748,80.282,72882.3,1033.761,33.729,0.078,0.078,0.073,8.037,93.927,5.372,177.142,0,5.384,5.387,NA,13
"5/24/2022 8:16:09 AM",7.54,29.615,50.749,80.283,72883.1,1033.762,33.73,0.078,0.078,0.073,8.038,93.925,5.372,180.286,0,5.384,5.387,NA,13
"5/24/2022 8:16:09 AM",7.47,29.615,50.752,80.287,72886.9,1033.764,33.732,0.086,0.086,0.146,8.039,94.025,5.377,167.881,0,5.39,5.393,NA,13
"5/24/2022 8:16:09 AM",7.38,29.615,50.752,80.287,72886.9,1033.763,33.732,0.07,0.07,0.087,8.039,93.847,5.367,168.986,0,5.379,5.382,NA,13
"5/24/2022 8:16:10 AM",7.253,29.615,50.753,80.289,72888.5,1033.764,33.733,0.07,0.07,0.087,8.039,93.983,5.375,171.705,0,5.387,5.39,NA,13
"5/24/2022 8:16:10 AM",7.088,29.615,50.751,80.286,72885.6,1033.761,33.731,0.062,0.062,0.073,8.039,94.01,5.376,170.77,0,5.388,5.392,NA,13
"5/24/2022 8:16:10 AM",6.833,29.615,50.752,80.287,72887.2,1033.762,33.733,0.047,0.047,0.029,8.04,93.987,5.375,174.678,0,5.387,5.391,NA,13
"5/24/2022 8:16:10 AM",6.678,29.615,50.753,80.288,72887.5,1033.761,33.733,0.047,0.047,0.044,8.041,94.1,5.381,168.306,0,5.393,5.397,NA,13
"5/24/2022 8:16:10 AM",6.508,29.615,50.751,80.287,72886.1,1033.759,33.732,0.07,0.07,0.029,8.042,94.114,5.383,167.202,0,5.395,5.398,NA,13
"5/24/2022 8:16:11 AM",6.334,29.616,50.754,80.291,72889.2,1033.761,33.734,0.062,0.062,0.058,8.042,94.126,5.383,158.366,0,5.395,5.398,NA,13
"5/24/2022 8:16:11 AM",6.087,29.616,50.753,80.29,72887.5,1033.758,33.732,0.055,0.055,0.029,8.043,94.232,5.389,142.563,0,5.401,5.404,NA,13
"5/24/2022 8:16:11 AM",5.948,29.616,50.754,80.292,72889.5,1033.759,33.734,0.047,0.047,0,8.045,94.237,5.389,144.093,0,5.402,5.405,NA,13
"5/24/2022 8:16:11 AM",5.837,29.616,50.753,80.29,72888.2,1033.758,33.733,0.039,0.039,0.015,8.043,94.314,5.394,146.641,0,5.406,5.409,NA,13
"5/24/2022 8:16:12 AM",5.747,29.616,50.75,80.285,72884.4,1033.755,33.731,0.062,0.062,0.015,8.042,94.464,5.403,147.066,0,5.415,5.418,NA,13
"5/24/2022 8:16:12 AM",5.618,29.616,50.751,80.287,72884.7,1033.755,33.731,0.055,0.055,0.058,8.043,94.484,5.403,134.237,0,5.416,5.419,NA,13
"5/24/2022 8:16:12 AM",5.516,29.616,50.749,80.285,72882.9,1033.753,33.73,0.062,0.062,0.029,8.045,94.554,5.408,132.878,0,5.42,5.424,NA,13
"5/24/2022 8:16:12 AM",5.408,29.616,50.745,80.278,72877.7,1033.75,33.727,0.055,0.055,0,8.044,94.53,5.406,141.544,0,5.419,5.422,NA,13
"5/24/2022 8:16:12 AM",5.26,29.616,50.747,80.28,72879.8,1033.751,33.728,0.039,0.039,0.015,8.043,94.448,5.402,129.649,0,5.414,5.417,NA,13
"5/24/2022 8:16:13 AM",5.019,29.616,50.746,80.279,72878,1033.748,33.727,0.062,0.062,0.044,8.043,94.658,5.414,156.072,0,5.426,5.43,NA,13
"5/24/2022 8:16:13 AM",4.855,29.617,50.744,80.278,72876.3,1033.747,33.726,0.047,0.047,0.029,8.043,94.693,5.416,159.215,0,5.428,5.432,NA,13
"5/24/2022 8:16:13 AM",4.725,29.617,50.743,80.277,72874.7,1033.745,33.725,0.055,0.055,0.058,8.041,94.826,5.423,150.889,0,5.436,5.439,NA,13
"5/24/2022 8:16:13 AM",4.626,29.617,50.743,80.278,72874.9,1033.745,33.725,0.062,0.062,0.044,8.04,94.732,5.418,151.824,0,5.43,5.434,NA,13
"5/24/2022 8:16:13 AM",4.544,29.617,50.745,80.279,72876.7,1033.746,33.726,0.062,0.062,0.044,8.035,94.726,5.418,161.424,0,5.43,5.433,NA,13
"5/24/2022 8:16:14 AM",4.416,29.617,50.745,80.28,72877.2,1033.745,33.726,0.039,0.039,0.029,8.03,94.984,5.432,160.83,0,5.445,5.448,NA,13
"5/24/2022 8:16:14 AM",4.338,29.617,50.744,80.279,72875.6,1033.744,33.725,0.078,0.078,0.029,8.029,94.823,5.423,149.615,0,5.435,5.439,NA,13
"5/24/2022 8:16:14 AM",4.219,29.617,50.746,80.28,72877.8,1033.745,33.727,0.055,0.055,0.029,8.028,94.91,5.428,138.91,0,5.441,5.444,NA,13
"5/24/2022 8:16:14 AM",4.11,29.617,50.746,80.28,72878.2,1033.745,33.727,0.047,0.047,0.058,8.029,94.917,5.429,132.028,0,5.441,5.444,NA,13
"5/24/2022 8:16:14 AM",3.94,29.617,50.746,80.28,72877.9,1033.744,33.727,0.031,0.031,0,8.032,95.107,5.44,131.348,0,5.452,5.455,NA,13
"5/24/2022 8:16:15 AM",3.842,29.617,50.746,80.281,72878.4,1033.744,33.727,0.047,0.047,0.044,8.034,95.074,5.437,136.956,0,5.45,5.453,NA,13
"5/24/2022 8:16:15 AM",3.762,29.617,50.747,80.281,72878.8,1033.744,33.728,0.07,0.07,0.102,8.034,95.183,5.444,126.676,0,5.456,5.46,NA,13
"5/24/2022 8:16:15 AM",3.684,29.617,50.746,80.28,72877.6,1033.743,33.727,0.086,0.086,0.102,8.035,95.157,5.442,135.766,0,5.455,5.458,NA,13
"5/24/2022 8:16:15 AM",3.608,29.617,50.747,80.281,72878.4,1033.743,33.727,0.039,0.039,0,8.036,95.165,5.443,143.073,0,5.455,5.459,NA,13
"5/24/2022 8:16:15 AM",3.472,29.617,50.748,80.282,72879.6,1033.743,33.728,0.039,0.039,0,8.037,95.19,5.444,129.904,0,5.456,5.459,NA,13
"5/24/2022 8:16:16 AM",3.385,29.617,50.751,80.286,72883.3,1033.745,33.731,0.047,0.047,0,8.038,95.214,5.446,132.113,0,5.458,5.461,NA,13
"5/24/2022 8:16:16 AM",3.298,29.617,50.753,80.289,72885.8,1033.746,33.732,0.031,0.031,0,8.039,95.244,5.447,126.336,0,5.459,5.463,NA,13
"5/24/2022 8:16:16 AM",3.236,29.616,50.753,80.289,72886.5,1033.746,33.733,0,0,0,8.039,95.346,5.453,129.224,0,5.466,5.469,NA,13
"5/24/2022 8:16:16 AM",3.175,29.616,50.754,80.29,72887.9,1033.747,33.734,0.031,0.031,0,8.039,95.34,5.453,119.454,0,5.465,5.468,NA,13
"5/24/2022 8:16:16 AM",3.046,29.616,50.754,80.289,72887,1033.746,33.733,0.039,0.039,0.015,8.039,95.443,5.458,126.676,0,5.471,5.474,NA,13
"5/24/2022 8:16:17 AM",2.946,29.615,50.755,80.29,72888.9,1033.747,33.735,0.023,0.023,0,8.041,95.517,5.463,129.989,0,5.475,5.478,NA,13
"5/24/2022 8:16:17 AM",2.845,29.616,50.755,80.29,72888.4,1033.746,33.734,0.148,0.148,0.233,8.041,95.416,5.457,126.846,0,5.469,5.473,NA,13
"5/24/2022 8:16:17 AM",2.758,29.616,50.756,80.291,72890,1033.747,33.735,0.086,0.086,0.131,8.041,95.312,5.451,127.185,0,5.463,5.467,NA,13
"5/24/2022 8:16:17 AM",2.638,29.617,50.754,80.291,72887.7,1033.745,33.734,0.055,0.055,0.102,8.041,95.349,5.453,124.382,0,5.466,5.469,NA,13
"5/24/2022 8:16:17 AM",2.548,29.617,50.757,80.293,72890.4,1033.746,33.735,0.008,0.008,0,8.043,95.483,5.461,130.669,0,5.473,5.477,NA,13
"5/24/2022 8:16:18 AM",2.456,29.616,50.755,80.29,72887.8,1033.744,33.734,0,0,0,8.043,95.53,5.464,133.218,0,5.476,5.479,NA,13
"5/24/2022 8:16:18 AM",2.371,29.616,50.753,80.288,72885.4,1033.742,33.732,0,0,0,8.043,95.629,5.469,124.976,0,5.481,5.485,NA,13
"5/24/2022 8:16:18 AM",2.266,29.615,50.753,80.287,72886.1,1033.743,33.733,0.148,0.148,0.262,8.042,95.58,5.466,120.219,0,5.479,5.482,NA,13
"5/24/2022 8:16:18 AM",2.206,29.615,50.754,80.287,72886.8,1033.743,33.734,0.086,0.086,0.16,8.044,95.599,5.468,120.389,0,5.48,5.483,NA,13
"5/24/2022 8:16:18 AM",2.145,29.615,50.753,80.286,72885.7,1033.742,33.733,0.125,0.125,0.204,8.045,95.654,5.471,121.918,0,5.483,5.486,NA,13
"5/24/2022 8:16:19 AM",2.063,29.614,50.753,80.284,72885.6,1033.742,33.733,0.101,0.101,0.102,8.045,95.659,5.471,125.401,0,5.483,5.487,NA,13
"5/24/2022 8:16:19 AM",1.983,29.614,50.753,80.284,72885.8,1033.742,33.733,0.078,0.078,0.058,8.047,95.698,5.474,131.773,0,5.486,5.489,NA,13
"5/24/2022 8:16:19 AM",1.881,29.615,50.752,80.285,72884.9,1033.741,33.733,0.016,0.016,0,8.047,95.696,5.473,149.87,0,5.485,5.489,NA,13
"5/24/2022 8:16:19 AM",1.815,29.615,50.751,80.282,72882.9,1033.739,33.731,0.023,0.023,0,8.048,95.682,5.472,141.034,0,5.485,5.488,NA,13
"5/24/2022 8:16:19 AM",1.738,29.614,50.752,80.283,72884,1033.74,33.732,0,0,0,8.049,95.746,5.476,129.14,0,5.489,5.492,NA,13
"5/24/2022 8:16:20 AM",1.667,29.613,50.75,80.279,72882.8,1033.739,33.732,0,0,0,8.05,95.841,5.482,124.382,0,5.494,5.498,NA,13
"5/24/2022 8:16:20 AM",1.54,29.61,50.746,80.269,72877.6,1033.736,33.73,0,0,0,8.051,95.728,5.475,110.023,0,5.488,5.491,NA,13
"5/24/2022 8:16:20 AM",1.467,29.609,50.747,80.269,72879,1033.737,33.731,0,0,0,8.05,95.756,5.477,100.083,0,5.489,5.492,NA,13
"5/24/2022 8:16:20 AM",1.413,29.609,50.747,80.268,72878.6,1033.737,33.731,0,0,0,8.05,95.788,5.479,94.391,0,5.491,5.495,NA,13
"5/24/2022 8:16:21 AM",1.352,29.61,50.745,80.267,72876.1,1033.734,33.729,0,0,0,8.05,95.794,5.479,93.796,0,5.491,5.495,NA,13
"5/24/2022 8:16:21 AM",1.226,29.61,50.746,80.268,72876.7,1033.734,33.729,0,0,0,8.05,95.867,5.484,94.476,0,5.496,5.499,NA,13
"5/24/2022 8:16:21 AM",1.142,29.611,50.745,80.269,72875.8,1033.733,33.728,0,0,0,8.051,95.83,5.481,103.057,0,5.494,5.497,NA,13
"5/24/2022 8:16:21 AM",1.088,29.612,50.742,80.266,72872.3,1033.731,33.726,0,0,0,8.052,95.801,5.48,108.154,0,5.492,5.495,NA,13
"5/24/2022 8:16:21 AM",1.024,29.611,50.741,80.264,72871.1,1033.73,33.725,0.577,0.577,1.267,8.051,95.858,5.483,104.161,0,5.496,5.499,NA,13
"5/24/2022 8:16:22 AM",0.954,29.611,50.743,80.265,72873,1033.731,33.727,0,0,0,8.049,95.733,5.476,103.991,0,5.488,5.492,NA,13
"5/24/2022 8:16:22 AM",0.831,29.612,50.732,80.251,72858.9,1033.721,33.718,0.32,0.32,0.655,8.05,96.023,5.493,110.363,0,5.505,5.509,NA,13
"5/24/2022 8:16:22 AM",0.746,29.611,50.73,80.248,72856.8,1033.72,33.717,0.109,0.109,0,8.051,95.928,5.488,113.422,0,5.5,5.504,NA,13
"5/24/2022 8:16:22 AM",0.671,29.611,50.728,80.245,72854.1,1033.718,33.715,0,0,0,8.051,96.007,5.492,110.958,0,5.505,5.508,NA,13
"5/24/2022 8:16:22 AM",0.643,29.61,50.729,80.245,72855.8,1033.719,33.717,0,0,0,8.049,95.993,5.491,103.142,0,5.504,5.507,NA,13
"5/24/2022 8:16:23 AM",0.572,29.611,50.724,80.239,72849.1,1033.715,33.712,0,0,0,8.049,96.06,5.496,94.136,0,5.508,5.511,NA,13
"5/24/2022 8:16:23 AM",0.515,29.611,50.721,80.237,72846.2,1033.713,33.71,0.117,0.117,0.277,8.049,95.972,5.491,87.594,0,5.503,5.506,NA,13
"5/24/2022 8:16:23 AM",0.466,29.612,50.721,80.237,72846.2,1033.712,33.71,0.156,0.156,0.218,8.049,95.986,5.491,90.738,0,5.504,5.507,NA,13
"5/24/2022 8:16:23 AM",0.428,29.612,50.722,80.238,72846.7,1033.712,33.711,0,0,0,8.049,95.948,5.489,95.75,0,5.502,5.505,NA,13
"5/24/2022 8:16:23 AM",0.409,29.613,50.719,80.235,72843.3,1033.71,33.708,0,0,0,8.05,96.006,5.493,102.037,0,5.505,5.508,NA,13
"5/24/2022 8:16:24 AM",0.398,29.613,50.719,80.235,72843.1,1033.71,33.708,0,0,0,8.051,96.094,5.498,95.58,0,5.51,5.513,NA,13
"5/24/2022 8:16:24 AM",0.393,29.613,50.72,80.237,72844.1,1033.71,33.709,0,0,0,8.051,96.07,5.496,114.611,0,5.509,5.512,NA,13
"5/24/2022 8:16:24 AM",0.367,29.614,50.718,80.235,72841.4,1033.708,33.707,0.047,0.047,0.349,8.052,96.127,5.5,126.506,0,5.512,5.515,NA,13
"5/24/2022 8:16:24 AM",0.35,29.614,50.717,80.234,72840.3,1033.708,33.706,0,0,0,8.051,96.141,5.501,119.114,0,5.513,5.516,NA,13
"5/24/2022 8:16:24 AM",0.348,29.613,50.718,80.235,72841.7,1033.709,33.707,0,0,0,8.051,96.134,5.5,113.082,0,5.513,5.516,NA,13
"5/24/2022 8:16:25 AM",0.336,29.613,50.72,80.236,72843.5,1033.71,33.708,0,0,0,8.052,96.048,5.495,120.559,0,5.508,5.511,NA,13
"5/24/2022 8:16:25 AM",0.296,29.615,50.722,80.241,72845.8,1033.711,33.709,0.296,0.296,0,8.053,96.122,5.499,128.46,0,5.512,5.515,NA,13
"5/24/2022 8:16:25 AM",0.247,29.625,50.722,80.257,72844.5,1033.707,33.706,0,0,0,8.054,96.094,5.498,112.232,0,5.51,5.514,NA,13
"5/24/2022 8:16:25 AM",0.207,29.628,50.714,80.25,72834.6,1033.7,33.699,0,0,0,8.053,96.084,5.498,99.998,0,5.51,5.514,NA,13
"5/24/2022 8:16:25 AM",0.169,29.621,50.713,80.239,72834.5,1033.701,33.701,0,0,0,8.053,96.082,5.498,94.986,0,5.51,5.513,NA,13
"5/24/2022 8:16:26 AM",0.129,29.619,50.715,80.238,72837.1,1033.703,33.703,0,0,0,8.053,96.136,5.501,104.331,0,5.513,5.517,NA,13
"5/24/2022 8:16:26 AM",0.065,29.62,50.715,80.239,72836.6,1033.703,33.702,0,0,0,8.054,96.094,5.498,180.965,0,5.511,5.514,NA,13
"5/24/2022 8:16:26 AM",0.027,29.619,50.717,80.241,72839,1033.704,33.704,0,0,0,8.053,96.133,5.5,312.484,0,5.513,5.516,NA,13
"5/24/2022 8:16:26 AM",0.021,29.634,50.731,80.282,72854.6,1033.709,33.709,0,0,0,8.053,96.114,5.499,252.927,0,5.512,5.515,NA,13
"5/24/2022 8:16:26 AM",0.044,29.658,50.737,80.327,72860.1,1033.706,33.706,1.248,1.248,0,8.054,96.059,5.496,379.177,0,5.508,5.512,NA,13
"5/24/2022 8:16:27 AM",0.065,29.666,50.627,80.186,72721.5,1033.62,33.619,0,0,0.874,8.055,96.13,5.503,293.113,0,5.516,5.519,NA,13
"5/24/2022 8:16:27 AM",0.08,29.662,50.673,80.244,72779.1,1033.656,33.655,0,0,5.809,8.055,96.091,5.5,185.978,0,5.512,5.516,NA,13
"5/24/2022 8:16:27 AM",0.082,29.651,50.702,80.268,72816.6,1033.682,33.681,0,0,2.901,8.054,96.187,5.504,187.592,0,5.517,5.52,NA,13
"5/24/2022 8:16:27 AM",0.053,29.656,50.691,80.26,72802.9,1033.672,33.672,0.491,0.491,0,8.053,96.232,5.507,350.716,0,5.52,5.523,NA,13
"5/24/2022 8:16:27 AM",0.07,29.662,50.66,80.226,72763,1033.646,33.646,0,0,0,8.054,96.14,5.503,315.967,0,5.516,5.519,NA,13
"5/24/2022 8:16:28 AM",0.112,29.654,50.706,80.277,72821.7,1033.684,33.684,0.094,0.094,0,8.054,96.178,5.504,248.594,0,5.516,5.52,NA,13
"5/24/2022 8:16:28 AM",0.148,29.657,50.706,80.282,72821.5,1033.683,33.683,0,0,5.077,8.055,96.23,5.507,208.577,0,5.52,5.523,NA,13
"5/24/2022 8:16:28 AM",0.188,29.674,50.679,80.271,72785.9,1033.657,33.656,0,0,0,8.056,96.192,5.506,166.437,0,5.518,5.522,NA,13
"5/24/2022 8:16:28 AM",0.15,29.67,50.701,80.294,72813.8,1033.675,33.674,0,0,0,8.056,96.196,5.505,196.173,0,5.517,5.521,NA,13
"5/24/2022 8:16:28 AM",0.113,29.656,50.699,80.27,72812,1033.678,33.677,0,0,0,8.057,96.28,5.51,191.925,0,5.523,5.526,NA,13
"5/24/2022 8:16:29 AM",0.065,29.648,50.699,80.259,72813.6,1033.681,33.68,0,0,0,8.057,96.209,5.506,203.31,0,5.518,5.522,NA,13
"5/24/2022 8:16:29 AM",0,29.659,50.713,80.294,72829.7,1033.687,33.687,0.952,0.952,0,8.057,96.206,5.505,372.635,0,5.518,5.521,NA,13
"5/24/2022 8:16:29 AM",0,29.682,48.574,77.378,70152.5,1032.059,32.059,0,0,30.228,8.059,96.335,5.578,236.274,0,5.591,5.594,NA,13
"5/24/2022 8:16:29 AM",0,29.857,32.059,53.835,48638.6,1019.571,19.571,0,0,0,8.059,96.27,6.105,236.784,0,6.122,6.122,NA,13
"5/24/2022 8:16:29 AM",0,29.956,13.25,24.259,21873.7,1005.52,5.52,0,0,0,8.059,96.164,6.763,233.641,0,6.783,6.783,NA,13
"5/24/2022 8:16:30 AM",0,30.105,5.352,10.543,9478.5,999.607,0,0,0,0,8.058,96.257,7.071,237.549,0,7.091,7.091,NA,13
"5/24/2022 8:16:30 AM",0,29.944,17.459,31.192,28132.2,1008.652,8.653,0,0,0,8.058,96.374,6.624,245.62,0,6.644,6.643,NA,13
"5/24/2022 8:16:30 AM",0,29.782,15.72,28.265,25574.8,1007.411,7.411,0,0,0,8.058,96.306,6.685,250.378,0,6.705,6.705,NA,13
"5/24/2022 8:16:30 AM",0,29.678,12.523,22.919,20779.8,1005.067,5.068,0,0,0,8.058,96.208,6.797,243.156,0,6.818,6.817,NA,13
"5/24/2022 8:16:30 AM",0,29.644,10.181,18.94,17184.4,1003.338,3.338,81.869,81.869,92.791,8.058,96.108,6.879,241.542,0,6.9,6.899,NA,13
"5/24/2022 8:16:31 AM",0,29.625,10.114,18.818,17080.4,1003.294,3.294,58.077,58.077,74.176,8.058,96.104,6.883,273.827,0,6.903,6.903,NA,13
"5/24/2022 8:16:31 AM",0,29.616,46.448,74.331,67478.9,1030.475,30.475,8.347,8.347,10.278,8.059,96.096,5.635,566.939,0,5.649,5.652,NA,13
"5/24/2022 8:16:31 AM",0,29.614,49.1,78.01,70820.3,1032.481,32.481,1.888,1.888,3.047,8.06,96.001,5.548,699.732,0,5.561,5.564,NA,13
"5/24/2022 8:16:31 AM",0,29.615,50.524,79.971,72600.1,1033.559,33.56,0.289,0.289,0,8.06,95.943,5.502,732.612,0,5.514,5.518,NA,13
"5/24/2022 8:16:32 AM",0,29.631,12.854,23.452,21283.5,1005.328,5.329,0,0,0,8.06,95.87,6.764,769.23,0,6.784,6.784,NA,13
"5/24/2022 8:16:32 AM",0,29.659,2.535,5.201,4717.8,997.647,0,52.795,52.795,0,8.058,95.831,7.157,757.25,0,7.178,7.178,NA,13
"5/24/2022 8:16:32 AM",0,29.662,1.972,4.107,3724.6,997.226,0,69.801,69.801,35.055,8.058,95.999,7.192,908.734,0,7.213,7.213,NA,13
"5/24/2022 8:16:32 AM",0,29.709,1.318,2.807,2543.5,996.723,0,197.741,197.741,684.884,8.058,96.011,7.218,1123.089,0,7.239,7.239,NA,13
"5/24/2022 8:16:32 AM",0,30.005,0.981,2.132,1920.7,996.382,0,0,0,55.834,8.059,96.149,7.242,1143.734,0,7.263,7.263,NA,13
"5/24/2022 8:16:33 AM",0,30.416,0.809,1.787,1597.1,996.128,0,48.63,48.63,1.909,8.059,95.854,7.227,1300.911,0,7.248,7.248,NA,13
"5/24/2022 8:16:33 AM",0,30.65,0.694,1.551,1379.6,995.97,0,31.663,31.663,2.142,8.058,95.933,7.238,1377.63,0,7.259,7.259,NA,13
"5/24/2022 8:16:33 AM",0,30.704,0.619,1.39,1235.1,995.897,0,0,0,0,8.058,95.936,7.241,1495.3,0,7.261,7.262,NA,13
"5/24/2022 8:16:33 AM",0,30.729,0.578,1.304,1158,995.859,0,0.016,0.016,0,8.057,95.825,7.234,1463.779,0,7.255,7.255,NA,13
"5/24/2022 8:16:33 AM",0,30.512,0.545,1.226,1093.1,995.901,0,12.856,12.856,0,8.055,96.088,7.255,1496.404,0,7.276,7.276,NA,13
"5/24/2022 8:16:34 AM",0,30.146,0.501,1.123,1009.1,995.98,0,28.012,28.012,0,8.055,95.975,7.248,1423.933,0,7.269,7.269,NA,13
"5/24/2022 8:16:34 AM",0,30.311,0.479,1.079,966.4,995.913,0,63.873,63.873,79.348,8.056,96.056,7.255,1390.119,0,7.276,7.276,NA,13
"5/24/2022 8:16:34 AM",0,30.234,0.462,1.041,933.6,995.924,0,98.18,98.18,154.379,8.055,95.8,7.237,1200.063,0,7.258,7.258,NA,13
"5/24/2022 8:16:34 AM",0,29.986,0.446,1.001,902.2,995.987,0,205.066,205.066,425.877,8.053,95.919,7.246,1118.246,0,7.267,7.267,NA,13
"5/24/2022 8:16:34 AM",0,29.682,0.466,1.038,940.7,996.094,0,466.18,466.18,353.781,8.053,95.993,7.251,955.208,0,7.272,7.272,NA,13
"5/24/2022 8:16:35 AM",0,29.076,0.451,0.995,913.4,996.263,0,494.38,494.38,178.792,8.052,95.864,7.242,506.108,0,7.262,7.263,NA,13
"5/24/2022 8:16:35 AM",0,28.815,0.436,0.957,883.2,996.328,0,225.473,225.473,52.69,8.051,95.951,7.249,718.254,0,7.27,7.27,NA,13
"5/24/2022 8:16:35 AM",0,28.717,0.429,0.94,869.3,996.351,0,66.868,66.868,14.47,8.052,95.927,7.247,869.993,0,7.268,7.268,NA,13
"5/24/2022 8:16:35 AM",0,28.739,0.414,0.909,840.3,996.333,0,51.508,51.508,34.411,8.052,96.069,7.258,949.685,0,7.279,7.279,NA,13
"5/24/2022 8:16:35 AM",0,30.019,0.39,0.879,792,995.935,0,237.759,237.759,134.383,8.054,96.022,7.255,1188.253,0,7.276,7.276,NA,13
"5/24/2022 8:16:36 AM",0,30.775,0.375,0.859,761.9,995.693,0,81.307,81.307,35.894,8.054,95.851,7.243,1300.486,0,7.264,7.264,NA,13
"5/24/2022 8:16:36 AM",0,31.199,0.366,0.846,744.1,995.555,0,146.35,146.35,12.071,8.055,95.943,7.25,1385.616,0,7.271,7.271,NA,13
"5/24/2022 8:16:36 AM",0,31.964,0.356,0.833,722.7,995.305,0,65.019,65.019,54.983,8.055,95.998,7.255,1448.232,0,7.276,7.276,NA,13
"5/24/2022 8:16:36 AM",0,32.034,0.342,0.803,695.2,995.272,0,506.05,506.05,172.848,8.054,95.985,7.254,1481.026,0,7.275,7.275,NA,13
"5/24/2022 8:16:36 AM",0,31.836,0.333,0.78,678.3,995.329,0,304.588,304.588,78.096,8.052,95.956,7.252,1286.128,0,7.273,7.273,NA,13
"5/24/2022 8:16:37 AM",0,31.232,0.354,0.819,719.9,995.535,0,288.308,288.308,55.089,8.048,95.895,7.247,1053.761,0,7.268,7.268,NA,13
"5/24/2022 8:16:37 AM",0,30.525,0.341,0.78,695.4,995.745,0,223.452,223.452,112.645,8.048,95.926,7.25,910.519,0,7.271,7.271,NA,13
"5/24/2022 8:16:37 AM",0,29.949,0.321,0.726,654.4,995.905,0,72.758,72.758,13.38,8.046,95.86,7.245,1003.72,0,7.266,7.266,NA,13
"5/24/2022 8:16:37 AM",0,29.644,0.31,0.698,633,995.988,0,28.426,28.426,0,8.046,96.007,7.257,958.436,0,7.278,7.278,NA,13
"5/24/2022 8:16:37 AM",0,29.47,0.334,0.748,681.3,996.058,0,0,0,0,8.04,95.963,7.252,902.957,0,7.273,7.273,NA,13
"5/24/2022 8:16:38 AM",0,29.438,0.333,0.745,678.8,996.067,0,0.117,0.117,0,8.038,95.982,7.254,919.185,0,7.275,7.275,NA,13
"5/24/2022 8:16:38 AM",0,29.402,0.351,0.784,714.6,996.091,0,0.655,0.655,0,8.037,95.977,7.253,1039.998,0,7.274,7.274,NA,13
"5/24/2022 8:16:38 AM",0,29.368,0.415,0.923,841.6,996.149,0,0.328,0.328,0,8.036,95.979,7.25,1146.793,0,7.271,7.271,NA,13
"5/24/2022 8:16:38 AM",0,29.328,0.883,1.905,1739.2,996.512,0,0.023,0.023,0,8.038,96.16,7.245,1342.711,0,7.266,7.266,NA,13
"5/24/2022 8:16:38 AM",0,29.334,0.637,1.394,1272.6,996.326,0,0,0,0,8.037,96.097,7.25,1539.054,0,7.271,7.271,NA,13
"5/24/2022 8:16:39 AM",0,29.326,0.399,0.888,810.7,996.15,0,0,0,0,8.035,96.178,7.266,886.9,0,7.287,7.287,NA,13
"5/24/2022 8:16:39 AM",0,29.318,0.359,0.801,731.2,996.122,0,0.476,0.476,0.466,8.034,96.151,7.265,353.18,0,7.286,7.286,NA,13
"5/24/2022 8:16:39 AM",0,29.28,0.33,0.737,673.1,996.111,0,0.023,0.023,0.553,8.034,96.023,7.256,201.101,0,7.277,7.277,NA,13
"5/24/2022 8:16:39 AM",0,29.243,0.309,0.691,632.1,996.107,0,0.203,0.203,0.99,8.034,96.039,7.258,199.572,0,7.279,7.279,NA,13
"5/24/2022 8:16:39 AM",0,29.202,0.297,0.664,607.5,996.11,0,1.256,1.256,6.584,8.033,96.133,7.267,211.126,0,7.288,7.288,NA,13
"5/24/2022 8:16:40 AM",0,29.181,0.289,0.645,590.8,996.11,0,2.254,2.254,8.151,8.031,96.014,7.257,225.994,0,7.278,7.278,NA,13
"5/24/2022 8:16:40 AM",0,29.153,0.279,0.624,571.5,996.111,0,0.897,0.897,18.646,8.034,96.176,7.27,703.895,0,7.291,7.291,NA,13
"5/24/2022 8:16:40 AM",0,29.63,1.455,3.078,2793.5,996.849,0,0.991,0.991,16.593,8.13,96.143,7.221,1141.695,0,7.241,7.241,NA,13
"5/24/2022 8:16:40 AM",0,29.882,1.626,3.436,3102.5,996.9,0,1.771,1.771,11.968,8.192,96.129,7.213,1101.169,0,7.234,7.234,NA,13
"5/24/2022 8:16:41 AM",0,29.947,1.545,3.278,2956.2,996.821,0,1.818,1.818,9.75,8.233,96.155,7.217,555.045,0,7.238,7.238,NA,13
"5/24/2022 8:16:41 AM",0,29.966,1.515,3.218,2901.4,996.792,0,2.114,2.114,8.679,8.268,96.197,7.222,582.742,0,7.243,7.243,NA,13
"5/24/2022 8:20:21 AM",0.239,29.595,50.668,80.139,72781.7,1033.677,33.676,0.125,0.125,0.116,7.88,93.753,5.338,303.988,0,5.349,5.353,NA,13
"5/24/2022 8:20:21 AM",0.232,29.596,50.667,80.139,72780.1,1033.676,33.675,0.086,0.086,0,7.899,93.7,5.335,381.726,0,5.346,5.35,NA,13
"5/24/2022 8:20:21 AM",0.216,29.596,50.667,80.138,72779.9,1033.675,33.675,0.039,0.039,0,7.915,93.676,5.333,383.34,0,5.345,5.348,NA,13
"5/24/2022 8:20:21 AM",0.169,29.595,50.666,80.136,72778.4,1033.674,33.674,0.031,0.031,0,7.937,93.811,5.341,401.777,0,5.353,5.356,NA,13
"5/24/2022 8:20:22 AM",0.11,29.596,50.665,80.136,72777.7,1033.674,33.673,0.062,0.062,0.015,7.948,93.792,5.34,494.723,0,5.352,5.355,NA,13
"5/24/2022 8:20:22 AM",0.034,29.596,50.671,80.144,72784.8,1033.678,33.677,0,0,0,7.959,93.733,5.336,462.608,0,5.348,5.351,NA,13
"5/24/2022 8:20:22 AM",0,29.597,50.669,80.143,72782.4,1033.676,33.676,0,0,0,7.97,93.755,5.337,485.718,0,5.349,5.353,NA,13
"5/24/2022 8:20:22 AM",0,29.599,50.664,80.139,72776.6,1033.672,33.672,0,0,0,7.983,93.816,5.341,420.723,0,5.353,5.356,NA,13
"5/24/2022 8:20:22 AM",0.036,29.593,50.67,80.138,72783.8,1033.678,33.678,0.523,0.523,0.51,8.003,93.788,5.339,392.771,0,5.351,5.354,NA,13
"5/24/2022 8:20:23 AM",0.182,29.592,50.671,80.139,72785.3,1033.68,33.679,0.218,0.218,0.291,8.015,93.802,5.34,327.776,0,5.352,5.355,NA,13
"5/24/2022 8:20:23 AM",0.262,29.593,50.673,80.143,72788.5,1033.682,33.681,0.187,0.187,0.335,8.025,93.667,5.332,209.597,0,5.344,5.348,NA,13
"5/24/2022 8:20:23 AM",0.317,29.593,50.673,80.144,72788.3,1033.682,33.68,0.101,0.101,0.073,8.034,93.733,5.336,238.313,0,5.348,5.351,NA,13
"5/24/2022 8:20:23 AM",0.383,29.594,50.671,80.142,72785.9,1033.68,33.679,0.016,0.016,0,8.042,93.727,5.335,243.666,0,5.347,5.351,NA,13
"5/24/2022 8:20:23 AM",0.453,29.594,50.672,80.143,72787.3,1033.681,33.68,0.109,0.109,0.16,8.052,93.41,5.318,286.571,0,5.329,5.333,NA,13
"5/24/2022 8:20:24 AM",0.467,29.594,50.671,80.143,72785.8,1033.68,33.678,0.125,0.125,0.146,8.057,93.332,5.313,289.799,0,5.325,5.328,NA,13
"5/24/2022 8:20:24 AM",0.458,29.595,50.669,80.141,72782.9,1033.678,33.676,0.078,0.078,0.029,8.061,93.305,5.311,265.925,0,5.323,5.326,NA,13
"5/24/2022 8:20:24 AM",0.43,29.595,50.67,80.143,72784.7,1033.679,33.678,0,0,0,8.065,93.203,5.305,248.763,0,5.317,5.32,NA,13
"5/24/2022 8:20:24 AM",0.369,29.597,50.668,80.142,72780.9,1033.676,33.675,0.055,0.055,0.058,8.071,93.244,5.308,270.598,0,5.32,5.323,NA,13
"5/24/2022 8:20:24 AM",0.308,29.596,50.67,80.143,72784.1,1033.678,33.677,0.047,0.047,0.029,8.075,93.136,5.302,286.571,0,5.313,5.317,NA,13
"5/24/2022 8:20:25 AM",0.229,29.594,50.674,80.145,72788.7,1033.681,33.68,0.047,0.047,0.058,8.078,93.192,5.305,316.562,0,5.316,5.32,NA,13
"5/24/2022 8:20:25 AM",0.13,29.594,50.674,80.146,72789.6,1033.682,33.681,0.078,0.078,0.087,8.082,93.243,5.308,330.07,0,5.319,5.323,NA,13
"5/24/2022 8:20:25 AM",0,29.595,50.67,80.142,72783.8,1033.677,33.677,0,0,0,8.087,93.276,5.31,288.1,0,5.321,5.325,NA,13
"5/24/2022 8:20:25 AM",0,29.594,50.669,80.139,72782.4,1033.676,33.677,0,0,0,8.09,93.305,5.311,240.267,0,5.323,5.326,NA,13
"5/24/2022 8:20:25 AM",0,29.594,50.669,80.138,72782.2,1033.676,33.677,0.031,0.031,0.044,8.093,93.371,5.315,230.582,0,5.326,5.33,NA,13
"5/24/2022 8:20:26 AM",0,29.593,50.668,80.135,72781.4,1033.676,33.676,0.273,0.273,1.515,8.097,93.384,5.316,267.625,0,5.327,5.331,NA,13
"5/24/2022 8:20:26 AM",0,29.593,50.668,80.136,72781.7,1033.676,33.677,0.109,0.109,0.626,8.099,93.426,5.318,283.002,0,5.33,5.333,NA,13
"5/24/2022 8:20:26 AM",0,29.593,50.668,80.136,72782.1,1033.677,33.677,0.078,0.078,0.583,8.102,93.533,5.324,254.116,0,5.336,5.339,NA,13
"5/24/2022 8:20:26 AM",0.051,29.592,50.67,80.138,72784.9,1033.679,33.679,0.187,0.187,0.626,8.104,93.459,5.32,249.613,0,5.332,5.335,NA,13
"5/24/2022 8:20:27 AM",0.105,29.591,50.673,80.141,72788.8,1033.682,33.681,0.195,0.195,0.393,8.105,93.502,5.323,266.605,0,5.335,5.338,NA,13
"5/24/2022 8:20:27 AM",0.206,29.591,50.674,80.142,72789.9,1033.683,33.682,0.078,0.078,0.044,8.106,93.561,5.326,189.461,0,5.338,5.341,NA,13
"5/24/2022 8:20:27 AM",0.373,29.591,50.674,80.141,72789.4,1033.683,33.682,0,0,0,8.108,93.592,5.328,176.717,0,5.34,5.343,NA,13
"5/24/2022 8:20:27 AM",0.493,29.591,50.674,80.141,72789.6,1033.684,33.682,0.039,0.039,0.044,8.11,93.563,5.327,145.452,0,5.339,5.342,NA,13
"5/24/2022 8:20:27 AM",0.613,29.59,50.674,80.14,72789.4,1033.684,33.682,0.039,0.039,0,8.112,93.787,5.34,121.578,0,5.352,5.355,NA,13
"5/24/2022 8:20:28 AM",0.739,29.592,50.676,80.146,72792.4,1033.686,33.683,0.148,0.148,0.306,8.114,93.823,5.342,131.094,0,5.354,5.357,NA,13
"5/24/2022 8:20:28 AM",0.868,29.592,50.681,80.153,72798.2,1033.69,33.686,0.109,0.109,0.029,8.115,93.974,5.35,121.833,0,5.362,5.366,NA,13
"5/24/2022 8:20:28 AM",1.009,29.594,50.69,80.169,72810,1033.697,33.693,0.242,0.242,0.422,8.118,94.183,5.362,173.659,0,5.374,5.378,NA,13
"5/24/2022 8:20:28 AM",1.059,29.594,50.7,80.183,72822.3,1033.705,33.7,0.133,0.133,0.175,8.12,94.069,5.356,210.616,0,5.368,5.371,NA,13
"5/24/2022 8:20:28 AM",1.082,29.595,50.706,80.191,72828.8,1033.709,33.704,0.101,0.101,0.087,8.121,94.219,5.364,237.634,0,5.376,5.379,NA,13
"5/24/2022 8:20:29 AM",1.106,29.595,50.707,80.193,72830.3,1033.71,33.705,0.086,0.086,0.087,8.122,94.127,5.359,236.614,0,5.371,5.374,NA,13
"5/24/2022 8:20:29 AM",1.127,29.595,50.708,80.194,72831.7,1033.711,33.706,0.07,0.07,0.073,8.124,94.253,5.366,217.073,0,5.378,5.382,NA,13
"5/24/2022 8:20:29 AM",1.153,29.595,50.709,80.195,72832.9,1033.712,33.707,0.101,0.101,0.146,8.126,94.26,5.367,225.399,0,5.379,5.382,NA,13
"5/24/2022 8:20:29 AM",1.143,29.595,50.709,80.196,72832.8,1033.711,33.707,0.086,0.086,0.058,8.128,94.28,5.368,218.773,0,5.38,5.383,NA,13
"5/24/2022 8:20:29 AM",1.115,29.595,50.708,80.194,72831.5,1033.711,33.706,0.07,0.07,0,8.128,94.287,5.368,242.816,0,5.38,5.384,NA,13
"5/24/2022 8:20:30 AM",1.089,29.595,50.709,80.196,72833.6,1033.712,33.707,0.047,0.047,0,8.129,94.223,5.365,224.04,0,5.377,5.38,NA,13
"5/24/2022 8:20:30 AM",1.094,29.594,50.71,80.196,72834.7,1033.713,33.708,0.008,0.008,0,8.13,94.282,5.368,191.755,0,5.38,5.383,NA,13
"5/24/2022 8:20:30 AM",1.132,29.594,50.711,80.197,72836.2,1033.714,33.709,0.047,0.047,0,8.131,94.22,5.365,180.88,0,5.377,5.38,NA,13
"5/24/2022 8:20:30 AM",1.17,29.593,50.715,80.202,72841.2,1033.717,33.712,0.101,0.101,0.058,8.133,94.3,5.37,192.01,0,5.381,5.385,NA,13
"5/24/2022 8:20:30 AM",1.193,29.593,50.716,80.203,72841.8,1033.718,33.713,0.055,0.055,0.044,8.134,94.225,5.365,199.402,0,5.377,5.381,NA,13
"5/24/2022 8:20:31 AM",1.2,29.594,50.715,80.203,72840.4,1033.717,33.711,0.023,0.023,0,8.136,94.098,5.359,181.645,0,5.37,5.374,NA,13
"5/24/2022 8:20:31 AM",1.177,29.595,50.716,80.205,72841.3,1033.717,33.712,0.078,0.078,0.146,8.136,94.101,5.359,168.646,0,5.371,5.375,NA,13
"5/24/2022 8:20:31 AM",1.129,29.596,50.715,80.205,72840.5,1033.716,33.711,0.133,0.133,0.204,8.137,94.017,5.355,186.573,0,5.367,5.37,NA,13
"5/24/2022 8:20:31 AM",1.085,29.596,50.717,80.208,72842.4,1033.717,33.712,0.094,0.094,0.175,8.138,94.108,5.361,183.854,0,5.373,5.376,NA,13
"5/24/2022 8:20:31 AM",1.071,29.596,50.716,80.206,72841.2,1033.716,33.712,0.039,0.039,0.015,8.139,94.014,5.357,205.264,0,5.369,5.372,NA,13
"5/24/2022 8:20:32 AM",1.038,29.596,50.709,80.197,72832.8,1033.711,33.706,0.047,0.047,0,8.14,94.057,5.36,197.787,0,5.372,5.376,NA,13
"5/24/2022 8:20:32 AM",0.995,29.596,50.708,80.195,72831.9,1033.71,33.706,0.133,0.133,0.175,8.142,94.088,5.363,214.015,0,5.375,5.378,NA,13
"5/24/2022 8:20:32 AM",0.951,29.596,50.708,80.196,72832.1,1033.71,33.706,0.07,0.07,0.015,8.142,94.098,5.364,215.884,0,5.376,5.379,NA,13
"5/24/2022 8:20:32 AM",0.918,29.596,50.704,80.191,72826.5,1033.706,33.703,0.055,0.055,0.044,8.143,94.11,5.365,200.336,0,5.377,5.38,NA,13
"5/24/2022 8:20:32 AM",0.908,29.597,50.703,80.19,72825.6,1033.706,33.702,0.094,0.094,0.102,8.144,94.094,5.364,193.624,0,5.376,5.38,NA,13
"5/24/2022 8:20:33 AM",0.936,29.596,50.703,80.189,72825.9,1033.706,33.702,0.016,0.016,0,8.144,94.134,5.367,197.702,0,5.379,5.382,NA,13
"5/24/2022 8:20:33 AM",0.967,29.597,50.703,80.189,72824.7,1033.705,33.701,0.016,0.016,0,8.144,94.075,5.364,186.063,0,5.376,5.379,NA,13
"5/24/2022 8:20:33 AM",0.993,29.597,50.701,80.187,72822.4,1033.704,33.7,0.023,0.023,0,8.146,94.026,5.361,196.683,0,5.373,5.376,NA,13
"5/24/2022 8:20:33 AM",1.021,29.597,50.699,80.185,72820.6,1033.703,33.699,0.086,0.086,0.044,8.146,94.019,5.361,212.825,0,5.373,5.376,NA,13
"5/24/2022 8:20:33 AM",1.066,29.597,50.702,80.189,72823.7,1033.705,33.7,0.016,0.016,0,8.146,93.998,5.36,205.774,0,5.372,5.375,NA,13
"5/24/2022 8:20:34 AM",1.08,29.598,50.703,80.191,72825.2,1033.706,33.701,0.07,0.07,0.116,8.146,94.059,5.363,180.031,0,5.375,5.379,NA,13
"5/24/2022 8:20:34 AM",1.09,29.597,50.706,80.194,72828.9,1033.708,33.704,0.133,0.133,0.204,8.147,94.027,5.361,196.938,0,5.373,5.377,NA,13
"5/24/2022 8:20:34 AM",1.08,29.595,50.707,80.193,72830.4,1033.71,33.705,0.062,0.062,0,8.147,94.036,5.362,223.36,0,5.374,5.377,NA,13
"5/24/2022 8:20:34 AM",1.054,29.595,50.71,80.197,72834,1033.712,33.707,0.062,0.062,0,8.147,93.937,5.356,167.542,0,5.368,5.372,NA,13
"5/24/2022 8:20:34 AM",1.024,29.595,50.71,80.198,72834.3,1033.712,33.707,0.133,0.133,0.218,8.147,94.041,5.363,187.422,0,5.374,5.378,NA,13
"5/24/2022 8:20:35 AM",1.019,29.596,50.71,80.199,72834.3,1033.712,33.707,0.039,0.039,0.029,8.148,93.892,5.354,215.714,0,5.366,5.369,NA,13
"5/24/2022 8:20:35 AM",1.024,29.597,50.708,80.197,72831.9,1033.71,33.706,0.148,0.148,0.248,8.149,93.864,5.353,322.254,0,5.365,5.368,NA,13
"5/24/2022 8:20:35 AM",1.054,29.597,50.71,80.199,72833.9,1033.711,33.707,0.133,0.133,0.218,8.149,93.914,5.356,222.086,0,5.368,5.371,NA,13
"5/24/2022 8:20:35 AM",1.082,29.595,50.713,80.201,72837.7,1033.714,33.71,0.07,0.07,0.087,8.149,93.962,5.359,179.266,0,5.371,5.374,NA,13
"5/24/2022 8:20:35 AM",1.129,29.596,50.715,80.205,72840.5,1033.716,33.711,0.172,0.172,0.058,8.148,93.976,5.359,171.365,0,5.371,5.375,NA,13
"5/24/2022 8:20:36 AM",1.143,29.597,50.715,80.207,72840.4,1033.716,33.711,0.14,0.14,0.087,8.148,94.003,5.361,197.787,0,5.373,5.376,NA,13
"5/24/2022 8:20:36 AM",1.13,29.597,50.716,80.209,72841.8,1033.716,33.711,0.07,0.07,0.058,8.149,94,5.361,202.035,0,5.372,5.376,NA,13
"5/24/2022 8:20:36 AM",1.106,29.597,50.717,80.209,72842.2,1033.717,33.712,0,0,0,8.149,94.012,5.361,203.225,0,5.373,5.376,NA,13
"5/24/2022 8:20:36 AM",0.995,29.598,50.717,80.211,72842.8,1033.716,33.712,0,0,0,8.149,94.165,5.37,202.8,0,5.382,5.385,NA,13
"5/24/2022 8:20:36 AM",0.908,29.596,50.719,80.211,72844.8,1033.718,33.714,0,0,0,8.149,94.098,5.366,250.208,0,5.378,5.381,NA,13
"5/24/2022 8:20:37 AM",0.828,29.596,50.72,80.212,72846.2,1033.718,33.715,0.047,0.047,0,8.15,94.225,5.373,242.307,0,5.385,5.389,NA,13
"5/24/2022 8:20:37 AM",0.717,29.596,50.718,80.209,72844.3,1033.717,33.714,0.062,0.062,0,8.149,94.163,5.37,203.565,0,5.381,5.385,NA,13
"5/24/2022 8:20:37 AM",0.58,29.596,50.717,80.208,72842.7,1033.715,33.713,0.179,0.179,0.233,8.149,94.343,5.38,200.676,0,5.392,5.396,NA,13
"5/24/2022 8:20:37 AM",0.354,29.596,50.715,80.204,72839.6,1033.712,33.711,0,0,0.146,8.15,94.309,5.379,264.141,0,5.391,5.394,NA,13
"5/24/2022 8:20:38 AM",0.251,29.597,50.704,80.192,72826.5,1033.704,33.703,0,0,0.51,8.152,94.362,5.382,295.746,0,5.394,5.398,NA,13
"5/24/2022 8:20:38 AM",0.183,29.599,50.704,80.194,72825.6,1033.702,33.701,0,0,0,8.152,94.586,5.395,278.669,0,5.407,5.411,NA,13
"5/24/2022 8:20:38 AM",0.149,29.604,50.696,80.19,72814.9,1033.694,33.693,0,0,0,8.152,94.539,5.393,324.888,0,5.405,5.408,NA,13
"5/24/2022 8:20:38 AM",0.156,29.606,50.689,80.185,72806.9,1033.689,33.688,0.008,0.008,0,8.151,94.789,5.407,167.966,0,5.419,5.422,NA,13
"5/24/2022 8:20:38 AM",0.168,29.606,50.687,80.182,72803.9,1033.687,33.686,0,0,2.39,8.15,94.691,5.401,164.483,0,5.413,5.417,NA,13
"5/24/2022 8:20:39 AM",0.182,29.603,50.691,80.182,72809.3,1033.691,33.69,0.819,0.819,3.382,8.151,94.785,5.407,197.278,0,5.419,5.422,NA,13
"5/24/2022 8:20:39 AM",0.156,29.602,50.691,80.181,72809.8,1033.692,33.691,0.078,0.078,0.786,8.151,94.859,5.412,215.629,0,5.424,5.428,NA,13
"5/24/2022 8:20:39 AM",0.136,29.602,50.694,80.185,72813.2,1033.694,33.693,0,0,0,8.152,94.923,5.416,230.922,0,5.428,5.432,NA,13
"5/24/2022 8:20:39 AM",0.067,29.603,50.694,80.186,72812.9,1033.693,33.693,0.367,0.367,1.821,8.152,94.951,5.419,406.45,0,5.431,5.434,NA,13
"5/24/2022 8:20:39 AM",0.044,29.602,50.695,80.186,72813.9,1033.694,33.694,0.523,0.523,1.267,8.154,94.981,5.421,345.193,0,5.433,5.436,NA,13
"5/24/2022 8:20:40 AM",0.057,29.601,50.698,80.188,72817.7,1033.696,33.696,0,0,0,8.154,94.949,5.419,254.456,0,5.431,5.435,NA,13
"5/24/2022 8:20:40 AM",0.012,29.604,50.235,79.557,72240.7,1033.344,33.344,0,0,0,8.154,94.974,5.436,318.006,0,5.448,5.451,NA,13
"5/24/2022 8:20:40 AM",0,29.804,49.352,78.63,71114.2,1032.604,32.605,64.411,64.411,20.673,8.154,95.052,5.469,396.424,0,5.481,5.484,NA,13
"5/24/2022 8:20:40 AM",0,29.862,49.75,79.264,71604.9,1032.885,32.886,0,0,0,8.156,95.052,5.458,314.863,0,5.47,5.473,NA,13
"5/24/2022 8:20:40 AM",0,29.785,50.554,80.26,72616.2,1033.521,33.522,0,0,0,8.156,95.058,5.435,246.809,0,5.447,5.45,NA,13
"5/24/2022 8:20:41 AM",0,29.72,50.569,80.185,72642.7,1033.556,33.556,0,0,0,8.155,95.012,5.433,244.261,0,5.445,5.448,NA,13
"5/24/2022 8:20:41 AM",0,29.645,50.647,80.183,72749.2,1033.642,33.642,4.119,4.119,0,8.156,95.076,5.434,296.511,0,5.446,5.45,NA,13
"5/24/2022 8:20:41 AM",0,29.608,50.639,80.118,72743.8,1033.649,33.649,3.698,3.698,0,8.154,95.047,5.433,336.612,0,5.445,5.449,NA,13
"5/24/2022 8:20:41 AM",0,29.603,50.689,80.179,72807,1033.689,33.689,8.94,8.94,0,8.154,95.203,5.441,292.348,0,5.453,5.456,NA,13
"5/24/2022 8:20:41 AM",0,29.599,50.695,80.182,72814.7,1033.695,33.695,4.985,4.985,0,8.151,95.275,5.445,348.507,0,5.457,5.46,NA,13
"5/24/2022 8:20:42 AM",0,29.597,50.698,80.183,72818.9,1033.698,33.698,1.389,1.389,0,8.148,95.266,5.444,514.774,0,5.456,5.46,NA,13
"5/24/2022 8:20:42 AM",0.02,29.596,50.69,80.17,72808.4,1033.692,33.692,0.125,0.125,0,8.144,95.309,5.447,515.284,0,5.459,5.462,NA,13
"5/24/2022 8:20:42 AM",0.143,29.596,50.552,79.982,72637.5,1033.588,33.588,0,0,0,8.144,95.223,5.446,277.99,0,5.458,5.461,NA,13
"5/24/2022 8:20:42 AM",0.23,29.596,50.44,79.828,72497.3,1033.503,33.502,0,0,0,8.143,95.193,5.448,197.193,0,5.46,5.463,NA,13
"5/24/2022 8:20:42 AM",0.335,29.597,50.37,79.734,72410.4,1033.451,33.449,0,0,0.451,8.142,95.23,5.452,176.547,0,5.464,5.468,NA,13
"5/24/2022 8:20:43 AM",0.453,29.596,50.703,80.189,72824.8,1033.704,33.702,0.094,0.094,0,8.139,95.294,5.446,146.641,0,5.458,5.462,NA,13
"5/24/2022 8:20:43 AM",0.635,29.6,50.701,80.192,72822.5,1033.702,33.699,0,0,0,8.136,95.261,5.444,99.064,0,5.456,5.46,NA,13
"5/24/2022 8:20:43 AM",0.765,29.599,50.705,80.196,72827.2,1033.705,33.702,1.701,1.701,0,8.135,95.278,5.445,94.476,0,5.457,5.461,NA,13
"5/24/2022 8:20:43 AM",0.903,29.599,50.706,80.197,72828.3,1033.707,33.703,2.106,2.106,1.02,8.135,95.276,5.445,120.134,0,5.457,5.46,NA,13
"5/24/2022 8:20:43 AM",1.035,29.597,50.71,80.2,72834.1,1033.711,33.707,1.077,1.077,0.772,8.137,95.367,5.45,132.708,0,5.462,5.465,NA,13
"5/24/2022 8:20:44 AM",1.169,29.596,50.715,80.206,72840.9,1033.716,33.711,0.53,0.53,0.772,8.137,95.382,5.45,137.805,0,5.462,5.466,NA,13
"5/24/2022 8:20:44 AM",1.29,29.596,50.732,80.229,72861.4,1033.729,33.724,0.452,0.452,0.83,8.137,95.517,5.458,356.833,0,5.47,5.473,NA,13
"5/24/2022 8:20:44 AM",1.374,29.595,50.751,80.253,72885.2,1033.744,33.739,0.133,0.133,0.204,8.137,95.418,5.451,480.28,0,5.463,5.467,NA,13
"5/24/2022 8:20:44 AM",1.518,29.594,50.757,80.259,72892.9,1033.75,33.744,0.133,0.133,0.218,8.137,95.535,5.457,587.925,0,5.47,5.473,NA,13
"5/24/2022 8:20:44 AM",1.646,29.594,50.759,80.263,72895.7,1033.752,33.745,0.101,0.101,0.102,8.137,95.457,5.453,490.9,0,5.465,5.468,NA,13
"5/24/2022 8:20:45 AM",1.796,29.594,50.767,80.274,72905.5,1033.759,33.751,0.117,0.117,0.102,8.14,95.467,5.453,358.447,0,5.465,5.469,NA,13
"5/24/2022 8:20:45 AM",1.898,29.594,50.769,80.277,72908.3,1033.761,33.753,0.109,0.109,0.073,8.141,95.466,5.453,323.953,0,5.465,5.469,NA,13
"5/24/2022 8:20:45 AM",2.006,29.594,50.773,80.282,72913.1,1033.764,33.756,0.094,0.094,0.087,8.142,95.473,5.453,331.43,0,5.465,5.469,NA,13
"5/24/2022 8:20:45 AM",2.147,29.595,50.787,80.302,72930.3,1033.775,33.766,0.031,0.031,0,8.142,95.293,5.442,298.38,0,5.455,5.458,NA,13
"5/24/2022 8:20:45 AM",2.314,29.595,50.792,80.31,72937,1033.78,33.77,0,0,0,8.142,95.261,5.441,212.401,0,5.453,5.456,NA,13
"5/24/2022 8:20:46 AM",2.559,29.595,50.797,80.318,72943.9,1033.785,33.774,0,0,0,8.142,95.203,5.437,99.149,0,5.449,5.452,NA,13
"5/24/2022 8:20:46 AM",2.711,29.595,50.801,80.322,72947.8,1033.788,33.776,0,0,0,8.143,95.106,5.431,65.08,0,5.443,5.447,NA,13
"5/24/2022 8:20:46 AM",2.87,29.595,50.804,80.326,72952,1033.791,33.779,0,0,0,8.144,95.005,5.426,52.166,0,5.438,5.441,NA,13
"5/24/2022 8:20:46 AM",3.016,29.595,50.805,80.328,72952.9,1033.792,33.779,0.086,0.086,0,8.144,94.897,5.419,51.826,0,5.431,5.435,NA,13
"5/24/2022 8:20:46 AM",3.233,29.594,50.811,80.335,72961.3,1033.798,33.785,0,0,0,8.146,94.849,5.416,52.76,0,5.428,5.432,NA,13
"5/24/2022 8:20:47 AM",3.37,29.595,50.813,80.339,72963.7,1033.8,33.786,0,0,0,8.147,94.819,5.415,51.316,0,5.427,5.43,NA,13
"5/24/2022 8:20:47 AM",3.507,29.594,50.816,80.342,72967.8,1033.803,33.788,0.172,0.172,0,8.148,94.652,5.404,49.447,0,5.417,5.42,NA,13
"5/24/2022 8:20:47 AM",3.646,29.595,50.82,80.349,72972.4,1033.807,33.791,0,0,1.078,8.148,94.547,5.399,48.257,0,5.411,5.414,NA,13
"5/24/2022 8:20:47 AM",3.85,29.595,50.822,80.351,72974.8,1033.809,33.792,0.148,0.148,0.626,8.148,94.488,5.395,49.787,0,5.407,5.411,NA,13
"5/24/2022 8:20:48 AM",3.985,29.594,50.825,80.355,72979,1033.812,33.795,0,0,0.364,8.149,94.492,5.395,49.107,0,5.407,5.411,NA,13
"5/24/2022 8:20:48 AM",4.126,29.594,50.827,80.357,72981.2,1033.814,33.796,0.226,0.226,0,8.149,94.522,5.397,45.454,0,5.409,5.413,NA,13
"5/24/2022 8:20:48 AM",4.272,29.594,50.829,80.361,72984.1,1033.816,33.798,0.031,0.031,0,8.15,94.355,5.387,42.055,0,5.4,5.403,NA,13
"5/24/2022 8:20:48 AM",4.409,29.593,50.824,80.353,72978.5,1033.814,33.795,0.016,0.016,0.918,8.15,94.439,5.392,41.631,0,5.404,5.408,NA,13
"5/24/2022 8:20:48 AM",4.619,29.594,50.828,80.36,72983.7,1033.817,33.798,0.328,0.328,0.626,8.15,94.278,5.383,42.82,0,5.395,5.398,NA,13
"5/24/2022 8:20:49 AM",4.756,29.594,50.826,80.356,72980.3,1033.816,33.796,0.406,0.406,0.874,8.149,94.283,5.383,42.905,0,5.395,5.399,NA,13
"5/24/2022 8:20:49 AM",4.894,29.594,50.82,80.349,72973.6,1033.812,33.791,0.164,0.164,0.058,8.149,94.198,5.379,42.48,0,5.391,5.394,NA,13
"5/24/2022 8:20:49 AM",5.029,29.593,50.834,80.367,72991.1,1033.824,33.802,0,0,0.087,8.15,94.254,5.381,41.631,0,5.393,5.397,NA,13
"5/24/2022 8:20:49 AM",5.173,29.593,50.828,80.359,72983.7,1033.82,33.798,0.757,0.757,1.821,8.15,94.155,5.376,45.624,0,5.388,5.391,NA,13
"5/24/2022 8:20:49 AM",5.359,29.593,50.821,80.349,72975,1033.815,33.792,0.788,0.788,1.748,8.15,94.18,5.378,69.667,0,5.39,5.393,NA,13
"5/24/2022 8:20:50 AM",5.505,29.593,50.83,80.361,72985.7,1033.822,33.799,0.218,0.218,0.379,8.149,94.28,5.383,71.791,0,5.395,5.398,NA,13
"5/24/2022 8:20:50 AM",5.656,29.593,50.832,80.364,72988.6,1033.825,33.801,0,0,0,8.149,94.153,5.376,57.518,0,5.388,5.391,NA,13
"5/24/2022 8:20:50 AM",5.806,29.593,50.831,80.363,72988,1033.825,33.8,0,0,0,8.149,94.214,5.379,44.434,0,5.391,5.395,NA,13
"5/24/2022 8:20:50 AM",6.02,29.594,50.836,80.37,72993.4,1033.829,33.803,0,0,0,8.15,94.081,5.372,32.54,0,5.384,5.387,NA,13
"5/24/2022 8:20:50 AM",6.16,29.593,50.839,80.374,72998.2,1033.833,33.806,0.647,0.647,1.326,8.151,94.015,5.368,30.671,0,5.38,5.383,NA,13
"5/24/2022 8:20:51 AM",6.298,29.593,50.841,80.377,73000.2,1033.834,33.807,0.25,0.25,0.684,8.151,94.133,5.374,29.821,0,5.386,5.39,NA,13
"5/24/2022 8:20:51 AM",6.44,29.594,50.845,80.383,73004.7,1033.837,33.81,0,0,0,8.15,94.002,5.367,27.952,0,5.379,5.382,NA,13
"5/24/2022 8:20:51 AM",6.581,29.593,50.849,80.387,73009.7,1033.841,33.813,0,0,0,8.151,93.998,5.366,24.978,0,5.378,5.382,NA,13
"5/24/2022 8:20:51 AM",6.781,29.594,50.847,80.387,73008.1,1033.841,33.812,0,0,0,8.151,94.02,5.368,21.58,0,5.38,5.383,NA,13
"5/24/2022 8:20:51 AM",6.907,29.595,50.859,80.404,73022.1,1033.85,33.82,0,0,0,8.152,93.958,5.364,21.155,0,5.376,5.379,NA,13
"5/24/2022 8:20:52 AM",7.038,29.595,50.859,80.405,73023.3,1033.851,33.821,0.39,0.39,0.349,8.153,93.92,5.362,20.985,0,5.374,5.377,NA,13
"5/24/2022 8:20:52 AM",7.175,29.594,50.861,80.406,73025.5,1033.853,33.822,0.133,0.133,0.335,8.154,93.897,5.36,20.9,0,5.372,5.375,NA,13
"5/24/2022 8:20:52 AM",7.39,29.593,50.859,80.403,73023.7,1033.853,33.821,0,0,0.073,8.155,93.953,5.363,20.475,0,5.375,5.379,NA,13
"5/24/2022 8:20:52 AM",7.531,29.595,50.851,80.394,73013.4,1033.847,33.815,0,0,0.539,8.157,93.994,5.366,20.56,0,5.378,5.381,NA,13
"5/24/2022 8:20:52 AM",7.687,29.596,50.851,80.395,73012.8,1033.847,33.814,0.569,0.569,1.063,8.157,94.105,5.372,23.789,0,5.384,5.388,NA,13
"5/24/2022 8:20:53 AM",7.842,29.597,50.855,80.403,73018.4,1033.85,33.817,0.944,0.944,1.734,8.157,94.026,5.368,30.671,0,5.38,5.383,NA,13
"5/24/2022 8:20:53 AM",7.983,29.596,50.854,80.4,73016.3,1033.85,33.816,1.467,1.467,3.237,8.157,94.125,5.374,38.402,0,5.386,5.389,NA,13
"5/24/2022 8:20:53 AM",8.209,29.598,50.853,80.401,73015.8,1033.85,33.815,0,0,0,8.157,94.212,5.379,39.506,0,5.391,5.394,NA,13
"5/24/2022 8:20:53 AM",8.353,29.597,50.853,80.4,73015.2,1033.85,33.815,0,0,0,8.158,94.278,5.382,34.579,0,5.394,5.398,NA,13
"5/24/2022 8:20:53 AM",8.501,29.597,50.855,80.403,73017.6,1033.852,33.816,0,0,0,8.159,94.234,5.38,28.462,0,5.392,5.395,NA,13
"5/24/2022 8:20:54 AM",8.647,29.597,50.856,80.404,73019.2,1033.854,33.817,0,0,0,8.159,94.189,5.377,24.384,0,5.389,5.393,NA,13
"5/24/2022 8:20:54 AM",8.862,29.599,50.857,80.407,73020.1,1033.855,33.817,0,0,0,8.161,94.17,5.376,22.429,0,5.388,5.391,NA,13
"5/24/2022 8:20:54 AM",9.008,29.598,50.856,80.407,73019.6,1033.855,33.817,0.016,0.016,0,8.162,94.137,5.374,21.325,0,5.386,5.39,NA,13
"5/24/2022 8:20:54 AM",9.142,29.598,50.857,80.407,73020.3,1033.856,33.818,0.156,0.156,0.655,8.162,94.297,5.383,20.73,0,5.395,5.399,NA,13
"5/24/2022 8:20:54 AM",9.295,29.598,50.858,80.409,73022.7,1033.859,33.819,0.32,0.32,0.524,8.162,94.188,5.377,21.41,0,5.389,5.392,NA,13
"5/24/2022 8:20:55 AM",9.446,29.598,50.861,80.413,73026,1033.861,33.821,0.445,0.445,0.743,8.163,94.243,5.38,24.893,0,5.392,5.396,NA,13
"5/24/2022 8:20:55 AM",9.649,29.596,50.862,80.412,73027.8,1033.863,33.822,1.841,1.841,4.259,8.164,94.345,5.386,49.532,0,5.398,5.401,NA,13
"5/24/2022 8:20:55 AM",9.791,29.596,50.865,80.416,73031.4,1033.866,33.825,0.725,0.725,1.632,8.164,94.279,5.382,82.666,0,5.394,5.398,NA,13
"5/24/2022 8:20:55 AM",9.943,29.596,50.867,80.419,73034.2,1033.869,33.826,0.234,0.234,0.437,8.163,94.233,5.379,93.116,0,5.391,5.395,NA,13
"5/24/2022 8:20:55 AM",10.102,29.595,50.867,80.418,73034.5,1033.87,33.827,0.008,0.008,0,8.163,94.129,5.374,78.928,0,5.386,5.389,NA,13
"5/24/2022 8:20:56 AM",10.248,29.596,50.866,80.417,73032.8,1033.869,33.825,0,0,0,8.162,94.072,5.37,63.55,0,5.382,5.386,NA,13
"5/24/2022 8:20:56 AM",10.386,29.594,50.868,80.417,73035.2,1033.871,33.827,0.367,0.367,0.728,8.162,94.116,5.373,136.276,0,5.385,5.388,NA,13
"5/24/2022 8:20:56 AM",10.337,29.594,50.867,80.417,73034.8,1033.871,33.827,0.203,0.203,0.349,8.162,94.177,5.377,214.1,0,5.389,5.392,NA,13
"5/24/2022 8:20:56 AM",10.229,29.594,50.875,80.426,73043.9,1033.876,33.833,0.109,0.109,0.087,8.163,94.262,5.381,201.865,0,5.393,5.397,NA,13
"5/24/2022 8:20:56 AM",10.108,29.595,50.876,80.429,73044.9,1033.876,33.833,0.086,0.086,0.087,8.164,94.21,5.378,198.212,0,5.39,5.394,NA,13
"5/24/2022 8:20:57 AM",9.863,29.595,50.877,80.431,73046.1,1033.876,33.834,0.078,0.078,0.073,8.167,94.108,5.372,199.317,0,5.384,5.388,NA,13
"5/24/2022 8:20:57 AM",9.675,29.596,50.877,80.433,73046.2,1033.875,33.834,0.086,0.086,0.073,8.167,94.085,5.371,202.63,0,5.383,5.387,NA,13
"5/24/2022 8:20:57 AM",9.467,29.597,50.876,80.432,73044.6,1033.873,33.833,0.078,0.078,0.058,8.167,94.05,5.37,204.924,0,5.382,5.385,NA,13
"5/24/2022 8:20:57 AM",9.27,29.597,50.876,80.432,73045,1033.872,33.833,0.062,0.062,0.029,8.169,94.029,5.369,210.446,0,5.381,5.384,NA,13
"5/24/2022 8:20:57 AM",9.083,29.596,50.879,80.434,73048.1,1033.874,33.835,0.07,0.07,0,8.169,94.067,5.371,220.982,0,5.383,5.387,NA,13
"5/24/2022 8:20:58 AM",8.819,29.595,50.877,80.43,73045.7,1033.871,33.834,0.094,0.094,0.102,8.169,94.119,5.374,223.615,0,5.386,5.39,NA,13
"5/24/2022 8:20:58 AM",8.648,29.595,50.877,80.43,73045.9,1033.871,33.834,0.094,0.094,0.073,8.169,94.106,5.374,220.982,0,5.386,5.389,NA,13
"5/24/2022 8:20:58 AM",8.464,29.593,50.876,80.426,73044.6,1033.87,33.834,0.062,0.062,0.073,8.169,94.038,5.37,204.584,0,5.382,5.386,NA,13
"5/24/2022 8:20:58 AM",8.304,29.593,50.878,80.428,73046.7,1033.87,33.835,0.078,0.078,0.058,8.169,94.072,5.372,196.258,0,5.384,5.388,NA,13
"5/24/2022 8:20:59 AM",8.052,29.593,50.878,80.428,73047.2,1033.87,33.836,0.07,0.07,0.044,8.169,94.069,5.372,185.723,0,5.384,5.387,NA,13
"5/24/2022 8:20:59 AM",7.894,29.593,50.88,80.43,73049.2,1033.871,33.837,0.07,0.07,0.029,8.169,94.067,5.372,192.69,0,5.384,5.387,NA,13
"5/24/2022 8:20:59 AM",7.762,29.593,50.881,80.432,73050.7,1033.871,33.838,0.062,0.062,0.044,8.169,94.046,5.371,228.713,0,5.383,5.386,NA,13
"5/24/2022 8:20:59 AM",7.66,29.594,50.883,80.436,73053.4,1033.872,33.839,0.047,0.047,0.015,8.169,94.01,5.368,266.945,0,5.38,5.384,NA,13
"5/24/2022 8:20:59 AM",7.528,29.594,50.885,80.439,73055.1,1033.872,33.84,0.062,0.062,0.058,8.17,94.124,5.375,249.358,0,5.387,5.39,NA,13
"5/24/2022 8:21:00 AM",7.443,29.594,50.889,80.445,73060.1,1033.875,33.843,0.07,0.07,0.073,8.171,93.947,5.364,245.705,0,5.376,5.38,NA,13
"5/24/2022 8:21:00 AM",7.352,29.594,50.908,80.47,73084,1033.889,33.858,0.062,0.062,0.015,8.171,94.074,5.371,236.954,0,5.383,5.387,NA,13
"5/24/2022 8:21:00 AM",7.239,29.594,50.909,80.473,73085.7,1033.89,33.859,0.078,0.078,0.102,8.17,94.067,5.37,224.38,0,5.382,5.386,NA,13
"5/24/2022 8:21:00 AM",7.111,29.594,50.907,80.469,73082.5,1033.887,33.857,0.086,0.086,0.044,8.169,93.979,5.366,218.518,0,5.378,5.381,NA,13
"5/24/2022 8:21:00 AM",6.874,29.594,50.907,80.469,73083,1033.887,33.858,0.078,0.078,0.044,8.168,94.056,5.37,222.936,0,5.382,5.385,NA,13
"5/24/2022 8:21:01 AM",6.704,29.594,50.906,80.467,73081.1,1033.885,33.857,0.055,0.055,0.015,8.169,94.106,5.373,223.7,0,5.385,5.388,NA,13
"5/24/2022 8:21:01 AM",6.541,29.594,50.903,80.463,73077,1033.882,33.854,0.047,0.047,0.044,8.168,94.143,5.375,237.294,0,5.387,5.39,NA,13
"5/24/2022 8:21:01 AM",6.383,29.593,50.895,80.45,73066.9,1033.875,33.848,0.07,0.07,0.073,8.168,94.099,5.373,211.976,0,5.385,5.388,NA,13
"5/24/2022 8:21:01 AM",6.124,29.589,50.893,80.442,73065.4,1033.875,33.849,0.062,0.062,0,8.167,94.154,5.376,174.168,0,5.388,5.391,NA,13
"5/24/2022 8:21:01 AM",5.942,29.587,50.897,80.445,73070.4,1033.877,33.852,0.047,0.047,0.029,8.168,94.235,5.38,173.404,0,5.392,5.396,NA,13
"5/24/2022 8:21:02 AM",5.757,29.589,50.901,80.453,73075.2,1033.879,33.855,0.039,0.039,0,8.169,94.268,5.382,195.578,0,5.394,5.397,NA,13
"5/24/2022 8:21:02 AM",5.589,29.591,50.9,80.454,73073.3,1033.877,33.853,0.023,0.023,0,8.169,94.334,5.386,226.334,0,5.398,5.401,NA,13
"5/24/2022 8:21:02 AM",5.403,29.593,50.899,80.456,73072.1,1033.875,33.852,0.062,0.062,0,8.17,94.198,5.378,202.63,0,5.39,5.393,NA,13
"5/24/2022 8:21:02 AM",5.139,29.596,50.891,80.449,73061.7,1033.866,33.845,0.062,0.062,0,8.17,94.296,5.383,178.162,0,5.396,5.399,NA,13
"5/24/2022 8:21:02 AM",4.956,29.596,50.888,80.444,73057.1,1033.863,33.842,0.031,0.031,0,8.171,94.295,5.384,174.593,0,5.396,5.399,NA,13
"5/24/2022 8:21:03 AM",4.79,29.597,50.885,80.442,73054,1033.86,33.84,0.039,0.039,0,8.17,94.323,5.385,144.857,0,5.397,5.4,NA,13
"5/24/2022 8:21:03 AM",4.626,29.597,50.883,80.439,73051.4,1033.858,33.838,0.047,0.047,0.029,8.17,94.375,5.388,146.132,0,5.4,5.404,NA,13
"5/24/2022 8:21:03 AM",4.48,29.595,50.882,80.435,73050.3,1033.857,33.838,0.101,0.101,0.044,8.17,94.347,5.386,220.557,0,5.398,5.402,NA,13
"5/24/2022 8:21:03 AM",4.296,29.595,50.878,80.429,73045,1033.853,33.835,0.023,0.023,0,8.171,94.386,5.389,158.026,0,5.401,5.404,NA,13
"5/24/2022 8:21:03 AM",4.175,29.594,50.878,80.428,73045.6,1033.853,33.836,0.023,0.023,0,8.172,94.477,5.394,131.603,0,5.406,5.409,NA,13
"5/24/2022 8:21:04 AM",4.043,29.593,50.878,80.426,73045,1033.853,33.836,0.023,0.023,0,8.172,94.502,5.395,120.134,0,5.407,5.411,NA,13
"5/24/2022 8:21:04 AM",3.937,29.592,50.878,80.425,73045.6,1033.853,33.836,0.047,0.047,0,8.172,94.552,5.398,123.022,0,5.41,5.414,NA,13
"5/24/2022 8:21:04 AM",3.785,29.591,50.879,80.424,73046.4,1033.853,33.837,0.047,0.047,0.044,8.174,94.671,5.405,126.081,0,5.417,5.42,NA,13
"5/24/2022 8:21:04 AM",3.681,29.591,50.878,80.422,73044.9,1033.852,33.836,0.062,0.062,0.058,8.173,94.775,5.41,120.134,0,5.423,5.426,NA,13
"5/24/2022 8:21:04 AM",3.565,29.592,50.875,80.42,73041.2,1033.849,33.834,0.133,0.133,0.233,8.174,94.732,5.408,104.076,0,5.42,5.424,NA,13
"5/24/2022 8:21:05 AM",3.466,29.592,50.876,80.421,73042.2,1033.849,33.834,0.086,0.086,0.116,8.174,94.68,5.406,99.573,0,5.418,5.421,NA,13
"5/24/2022 8:21:05 AM",3.377,29.592,50.874,80.419,73039.7,1033.847,33.833,0.07,0.07,0.029,8.175,94.778,5.411,103.566,0,5.423,5.426,NA,13
"5/24/2022 8:21:05 AM",3.242,29.592,50.878,80.424,73044.5,1033.85,33.836,0.047,0.047,0,8.176,94.825,5.413,131.858,0,5.425,5.429,NA,13
"5/24/2022 8:21:05 AM",3.157,29.593,50.877,80.423,73043.2,1033.848,33.835,0.078,0.078,0.015,8.176,94.811,5.412,123.702,0,5.424,5.428,NA,13
"5/24/2022 8:21:05 AM",3.075,29.593,50.878,80.425,73044.3,1033.848,33.835,0.094,0.094,0.102,8.177,94.842,5.414,102.717,0,5.426,5.43,NA,13
"5/24/2022 8:21:06 AM",2.991,29.593,50.878,80.426,73044.7,1033.848,33.836,0.078,0.078,0.102,8.178,94.813,5.412,96.09,0,5.425,5.428,NA,13
"5/24/2022 8:21:06 AM",2.908,29.593,50.876,80.424,73042.6,1033.847,33.834,0.047,0.047,0.029,8.178,95.035,5.425,93.371,0,5.437,5.441,NA,13
"5/24/2022 8:21:06 AM",2.788,29.593,50.877,80.424,73042.9,1033.846,33.835,0.016,0.016,0,8.178,95.092,5.428,97.194,0,5.44,5.444,NA,13
"5/24/2022 8:21:06 AM",2.708,29.593,50.869,80.413,73033,1033.84,33.829,0.008,0.008,0,8.178,95.114,5.43,89.718,0,5.442,5.446,NA,13
"5/24/2022 8:21:06 AM",2.623,29.593,50.867,80.41,73030.4,1033.838,33.827,0,0,0,8.178,95.156,5.433,77.059,0,5.445,5.448,NA,13
"5/24/2022 8:21:07 AM",2.528,29.593,50.864,80.406,73026.6,1033.836,33.825,0.023,0.023,0,8.178,95.098,5.43,68.223,0,5.442,5.445,NA,13
"5/24/2022 8:21:07 AM",2.394,29.592,50.863,80.404,73026.1,1033.835,33.825,0,0,0,8.178,95.061,5.427,62.021,0,5.439,5.443,NA,13
"5/24/2022 8:21:07 AM",2.312,29.592,50.862,80.402,73024.8,1033.834,33.824,0,0,0,8.18,95.256,5.438,62.616,0,5.451,5.454,NA,13
"5/24/2022 8:21:07 AM",2.234,29.592,50.861,80.401,73023.8,1033.833,33.824,0.07,0.07,0.044,8.179,95.233,5.437,63.975,0,5.449,5.453,NA,13
"5/24/2022 8:21:07 AM",2.154,29.592,50.863,80.403,73025.4,1033.834,33.824,0.062,0.062,0.102,8.179,95.348,5.444,67.798,0,5.456,5.46,NA,13
"5/24/2022 8:21:08 AM",2.064,29.594,50.865,80.408,73028.2,1033.835,33.826,0.234,0.234,0.495,8.178,95.276,5.44,72.046,0,5.452,5.455,NA,13
"5/24/2022 8:21:08 AM",1.939,29.594,50.861,80.402,73022.3,1033.83,33.822,0.156,0.156,0.291,8.177,95.371,5.445,79.948,0,5.457,5.461,NA,13
"5/24/2022 8:21:08 AM",1.852,29.593,50.86,80.4,73021.5,1033.83,33.822,0.055,0.055,0.131,8.177,95.348,5.444,84.705,0,5.456,5.46,NA,13
"5/24/2022 8:21:08 AM",1.763,29.593,50.858,80.397,73019.5,1033.828,33.821,0,0,0,8.176,95.426,5.449,86.32,0,5.461,5.464,NA,13
"5/24/2022 8:21:09 AM",1.683,29.593,50.858,80.397,73019,1033.828,33.821,0,0,0,8.176,95.517,5.454,81.052,0,5.466,5.469,NA,13
"5/24/2022 8:21:09 AM",1.562,29.592,50.857,80.394,73017.7,1033.827,33.82,0.07,0.07,0,8.177,95.503,5.453,77.059,0,5.465,5.469,NA,13
"5/24/2022 8:21:09 AM",1.483,29.591,50.855,80.39,73015,1033.825,33.819,0.148,0.148,0,8.176,95.579,5.458,73.83,0,5.47,5.473,NA,13
"5/24/2022 8:21:09 AM",1.405,29.592,50.853,80.389,73013.2,1033.823,33.817,0.211,0.211,0,8.176,95.668,5.463,76.634,0,5.475,5.479,NA,13
"5/24/2022 8:21:09 AM",1.327,29.593,50.855,80.393,73015.4,1033.824,33.818,0,0,0,8.176,95.63,5.46,80.117,0,5.473,5.476,NA,13
"5/24/2022 8:21:10 AM",1.258,29.594,50.852,80.389,73010.9,1033.821,33.815,0,0,0.204,8.176,95.66,5.462,73.661,0,5.475,5.478,NA,13
"5/24/2022 8:21:10 AM",1.139,29.594,50.847,80.384,73005.5,1033.817,33.812,0,0,0,8.175,95.666,5.463,63.38,0,5.475,5.479,NA,13
"5/24/2022 8:21:10 AM",1.056,29.592,50.842,80.374,72999.5,1033.814,33.809,0,0,0,8.176,95.675,5.464,57.093,0,5.476,5.479,NA,13
"5/24/2022 8:21:10 AM",0.976,29.59,50.841,80.369,72997.7,1033.813,33.809,0,0,0.524,8.177,95.512,5.454,55.649,0,5.467,5.47,NA,13
"5/24/2022 8:21:10 AM",0.891,29.589,50.84,80.366,72996.4,1033.812,33.808,0.445,0.445,0.597,8.177,95.618,5.461,60.916,0,5.473,5.476,NA,13
"5/24/2022 8:21:11 AM",0.719,29.591,50.84,80.369,72997,1033.811,33.808,0.32,0.32,0.699,8.177,95.765,5.469,70.517,0,5.481,5.485,NA,13
"5/24/2022 8:21:11 AM",0.587,29.591,50.84,80.369,72996.6,1033.81,33.808,0.062,0.062,0.233,8.177,95.86,5.475,73.406,0,5.487,5.49,NA,13
"5/24/2022 8:21:11 AM",0.462,29.592,50.837,80.366,72991.9,1033.807,33.805,0,0,0.204,8.177,95.764,5.469,78.248,0,5.481,5.485,NA,13
"5/24/2022 8:21:11 AM",0.34,29.593,50.832,80.361,72986.6,1033.803,33.801,0,0,0,8.177,95.843,5.474,93.966,0,5.486,5.49,NA,13
"5/24/2022 8:21:11 AM",0.262,29.593,50.83,80.358,72982.8,1033.8,33.799,0,0,0,8.176,95.88,5.476,97.364,0,5.489,5.492,NA,13
"5/24/2022 8:21:12 AM",0.159,29.595,50.815,80.341,72964.6,1033.788,33.787,0,0,0,8.177,95.93,5.479,150.549,0,5.492,5.495,NA,13
"5/24/2022 8:21:12 AM",0.125,29.601,50.852,80.4,73010.2,1033.814,33.813,0,0,0,8.177,95.941,5.479,196.343,0,5.491,5.494,NA,13
"5/24/2022 8:21:12 AM",0.106,29.685,50.948,80.654,73118.6,1033.856,33.856,0,0,0,8.177,95.894,5.473,233.81,0,5.486,5.489,NA,13
"5/24/2022 8:21:12 AM",0.118,29.823,50.931,80.834,73080.2,1033.794,33.793,0,0,6.028,8.177,95.845,5.471,207.133,0,5.483,5.487,NA,13
"5/24/2022 8:21:12 AM",0.147,29.806,50.835,80.677,72962.8,1033.727,33.727,0,0,0,8.177,95.99,5.482,163.124,0,5.495,5.498,NA,13
"5/24/2022 8:21:13 AM",0.177,29.734,50.791,80.512,72916.9,1033.72,33.719,0.117,0.117,0,8.177,95.911,5.479,113.677,0,5.491,5.495,NA,13
"5/24/2022 8:21:13 AM",0.215,29.713,50.763,80.442,72885,1033.706,33.705,0,0,1.894,8.177,95.876,5.478,111.723,0,5.49,5.494,NA,13
"5/24/2022 8:21:13 AM",0.225,29.673,50.777,80.402,72907.1,1033.731,33.73,0.437,0.437,0,8.177,95.976,5.483,115.206,0,5.496,5.499,NA,13
"5/24/2022 8:21:13 AM",0.225,29.638,50.79,80.369,72928.4,1033.754,33.753,2.223,2.223,0,8.176,95.98,5.483,105.266,0,5.495,5.499,NA,13
"5/24/2022 8:21:13 AM",0.196,29.616,50.8,80.352,72943.6,1033.769,33.768,1.295,1.295,0,8.176,95.943,5.481,103.821,0,5.493,5.497,NA,13
"5/24/2022 8:21:14 AM",0.14,29.611,50.794,80.336,72937,1033.766,33.766,0.913,0.913,0.816,8.176,95.999,5.484,152.334,0,5.496,5.5,NA,13
"5/24/2022 8:21:14 AM",0.085,29.605,50.776,80.301,72914.6,1033.754,33.754,0.71,0.71,0,8.177,96.013,5.486,215.459,0,5.498,5.501,NA,13
"5/24/2022 8:21:14 AM",0.017,29.601,50.797,80.325,72940.6,1033.771,33.771,0,0,0,8.177,96.002,5.484,226.419,0,5.497,5.5,NA,13
"5/24/2022 8:21:14 AM",0,29.6,50.782,80.303,72922.2,1033.76,33.76,0,0,0,8.177,95.893,5.479,188.017,0,5.491,5.494,NA,13
"5/24/2022 8:21:14 AM",0,29.62,50.62,80.11,72719.1,1033.631,33.631,0,0,0,8.177,95.945,5.487,193.369,0,5.499,5.502,NA,13
"5/24/2022 8:21:15 AM",0.019,29.657,50.784,80.389,72917.8,1033.741,33.741,0,0,0,8.177,95.982,5.484,249.188,0,5.496,5.5,NA,13
"5/24/2022 8:21:15 AM",0.041,29.662,50.813,80.436,72953.8,1033.762,33.762,0,0,0,8.175,96.122,5.491,227.778,0,5.503,5.507,NA,13
"5/24/2022 8:21:15 AM",0.062,29.68,50.708,80.318,72820.9,1033.676,33.676,0,0,2.755,8.175,96.094,5.492,196.428,0,5.505,5.508,NA,13
"5/24/2022 8:21:15 AM",0.045,29.658,50.749,80.343,72875.1,1033.715,33.715,0,0,0,8.176,96.089,5.491,187.677,0,5.504,5.507,NA,13
"5/24/2022 8:21:15 AM",0.055,29.653,50.757,80.346,72884.6,1033.722,33.722,0,0,2.799,8.175,96.089,5.491,173.829,0,5.503,5.507,NA,13
"5/24/2022 8:21:16 AM",0.055,29.659,50.721,80.306,72839.9,1033.693,33.693,0,0,1.399,8.176,96.074,5.491,152.249,0,5.504,5.507,NA,13
"5/24/2022 8:21:16 AM",0.05,29.647,50.857,80.474,73010.5,1033.801,33.801,0,0,4.42,8.176,96.055,5.486,153.098,0,5.498,5.502,NA,13
"5/24/2022 8:21:16 AM",0,29.737,50.741,80.448,72854.5,1033.68,33.68,0,0,0.976,8.175,96.153,5.495,282.917,0,5.508,5.511,NA,13
"5/24/2022 8:21:16 AM",0,29.702,50.767,80.432,72891.4,1033.712,33.713,0.062,0.062,0,8.174,96.095,5.491,218.093,0,5.504,5.507,NA,13
"5/24/2022 8:21:16 AM",0,29.67,51.021,80.732,73211.2,1033.916,33.917,0,0,0,8.174,96.072,5.483,213.93,0,5.495,5.498,NA,13
"5/24/2022 8:21:17 AM",0,29.665,47.282,75.561,68527.7,1031.087,31.088,0,0,0,8.174,96.079,5.597,209.937,0,5.61,5.613,NA,13
"5/24/2022 8:21:17 AM",0,29.645,39.036,63.852,57932,1024.877,24.878,0,0,0,8.173,96.136,5.86,219.112,0,5.875,5.877,NA,13
"5/24/2022 8:21:17 AM",0,29.63,10.851,20.078,18221.6,1003.84,3.841,0,0,0,8.174,96.114,6.841,222.256,0,6.861,6.861,NA,13
"5/24/2022 8:21:17 AM",0,29.612,8.112,15.354,13939.5,1001.81,1.811,0,0,0,8.173,96.117,6.947,223.7,0,6.967,6.967,NA,13
"5/24/2022 8:21:18 AM",0,29.599,11.86,21.772,19771.4,1004.6,4.6,0,0,0,8.172,96.072,6.803,207.558,0,6.823,6.823,NA,13
"5/24/2022 8:21:18 AM",0,29.597,13.447,24.425,22181.1,1005.78,5.78,3.596,3.596,0,8.172,96.073,6.746,204.584,0,6.766,6.765,NA,13
"5/24/2022 8:21:18 AM",0.032,29.595,14.317,25.865,23489.8,1006.428,6.428,1.857,1.857,1.53,8.173,96.189,6.722,288.95,0,6.742,6.742,NA,13
"5/24/2022 8:21:18 AM",0.022,29.594,11.216,20.682,18783.9,1004.123,4.123,0.367,0.367,1.282,8.173,96.184,6.838,522.165,0,6.858,6.858,NA,13
"5/24/2022 8:21:18 AM",0,29.594,14.171,25.623,23271.5,1006.32,6.32,0,0,0,8.173,96.29,6.735,591.068,0,6.755,6.755,NA,13
"5/24/2022 8:21:19 AM",0,29.594,25.422,43.531,39535.4,1014.697,14.698,0,0,0,8.173,96.197,6.325,528.368,0,6.344,6.344,NA,13
"5/24/2022 8:21:19 AM",0,29.593,22.781,39.436,35816.9,1012.728,12.728,0.343,0.343,2.273,8.174,96.175,6.417,442.303,0,6.435,6.435,NA,13
"5/24/2022 8:21:19 AM",0,29.593,25.276,43.307,39332.4,1014.589,14.59,0.172,0.172,0.044,8.174,96.142,6.327,418.854,0,6.345,6.345,NA,13
"5/24/2022 8:21:19 AM",0,29.594,24.663,42.361,38472.9,1014.132,14.132,0.101,0.101,0,8.175,96.216,6.353,419.449,0,6.371,6.371,NA,13
"5/24/2022 8:21:19 AM",0,29.594,23.75,40.947,37188.1,1013.45,13.451,0,0,4.551,8.175,96.135,6.379,479.515,0,6.398,6.398,NA,13
"5/24/2022 8:21:20 AM",0,29.594,22.219,38.558,35018.6,1012.309,12.31,0,0,0,8.174,96.154,6.435,491.495,0,6.454,6.453,NA,13
"5/24/2022 8:21:20 AM",0,29.594,1.98,4.116,3738.2,997.252,0,0.702,0.702,0,8.174,96.245,7.199,602.708,0,7.22,7.22,NA,13
"5/24/2022 8:21:20 AM",0,29.574,1.275,2.714,2465.5,996.732,0,73.327,73.327,0,8.175,96.202,7.224,733.377,0,7.245,7.245,NA,13
"5/24/2022 8:21:20 AM",0,29.489,1.144,2.444,2224,996.659,0,145.414,145.414,1004.321,8.174,96.283,7.235,866.764,0,7.256,7.256,NA,13
"5/24/2022 8:21:20 AM",0,29.316,0.89,1.917,1751,996.52,0,480.058,480.058,849.384,8.173,96.367,7.252,882.652,0,7.273,7.273,NA,13
"5/24/2022 8:21:21 AM",0,29.165,0.783,1.693,1550.6,996.485,0,208.779,208.779,297.932,8.173,96.345,7.254,1007.033,0,7.275,7.275,NA,13
"5/24/2022 8:21:21 AM",0,29.15,0.693,1.505,1379.4,996.422,0,163.855,163.855,181.152,8.173,96.315,7.255,1075.511,0,7.276,7.276,NA,13
"5/24/2022 8:21:21 AM",0,29.187,0.642,1.4,1281.8,996.373,0,168.863,168.863,46.242,8.173,96.383,7.263,1212.127,0,7.283,7.284,NA,13
"5/24/2022 8:21:21 AM",0,29.345,0.596,1.308,1193.8,996.292,0,258.743,258.743,278.624,8.173,96.283,7.257,1271.684,0,7.278,7.278,NA,13
"5/24/2022 8:21:21 AM",0,29.388,0.56,1.232,1123.8,996.252,0,173.855,173.855,258.054,8.172,96.247,7.256,1272.959,0,7.277,7.277,NA,13
"5/24/2022 8:21:22 AM",0,29.244,0.513,1.129,1032.4,996.259,0,493.179,493.179,204.651,8.17,96.296,7.261,1311.191,0,7.282,7.282,NA,13
"5/24/2022 8:21:22 AM",0,29.16,0.496,1.092,1000.5,996.272,0,234.685,234.685,100.478,8.168,96.418,7.271,1285.363,0,7.292,7.292,NA,13
"5/24/2022 8:21:22 AM",0,29.169,0.481,1.06,971.4,996.258,0,86.557,86.557,25.271,8.165,96.431,7.273,1265.567,0,7.294,7.294,NA,13
"5/24/2022 8:21:22 AM",0,29.088,0.504,1.108,1016.3,996.299,0,24.806,24.806,7.536,8.162,96.387,7.269,1178.568,0,7.29,7.29,NA,13
"5/24/2022 8:21:22 AM",0,28.931,0.439,0.966,889,996.296,0,37.28,37.28,8.679,8.16,96.351,7.268,902.108,0,7.289,7.289,NA,13
"5/24/2022 8:21:23 AM",0,28.956,0.445,0.978,899.9,996.293,0,113.095,113.095,63.429,8.161,96.326,7.266,795.652,0,7.287,7.287,NA,13
"5/24/2022 8:21:23 AM",0,29.045,0.433,0.955,877.3,996.258,0,81.331,81.331,79.859,8.16,96.391,7.272,737.71,0,7.293,7.293,NA,13
"5/24/2022 8:21:23 AM",0,29.034,0.421,0.929,853.4,996.252,0,116.894,116.894,106.896,8.159,96.439,7.276,775.092,0,7.297,7.297,NA,13
"5/24/2022 8:21:23 AM",0,29.041,0.388,0.858,788,996.225,0,135.491,135.491,41.976,8.158,96.405,7.275,966.168,0,7.296,7.296,NA,13
"5/24/2022 8:21:23 AM",0,29.101,0.378,0.839,769.2,996.2,0,180.548,180.548,0.16,8.156,96.456,7.279,1253.503,0,7.3,7.3,NA,13
"5/24/2022 8:21:24 AM",0,29.133,0.366,0.813,744.9,996.182,0,68.358,68.358,115.607,8.156,96.411,7.276,1417.136,0,7.297,7.297,NA,13
"5/24/2022 8:21:24 AM",0,29.2,0.36,0.8,732.3,996.157,0,55.853,55.853,52.038,8.156,96.361,7.272,1540.329,0,7.293,7.294,NA,13
"5/24/2022 8:21:24 AM",0,29.238,0.349,0.778,711.7,996.138,0,107.284,107.284,106.486,8.154,96.408,7.276,1542.538,0,7.297,7.297,NA,13
"5/24/2022 8:21:24 AM",0,28.99,0.352,0.78,717.4,996.213,0,1.139,1.139,0,8.152,96.377,7.274,1250.784,0,7.295,7.295,NA,13
"5/24/2022 8:21:24 AM",0,28.82,0.366,0.809,746.1,996.274,0,0,0,0,8.151,96.395,7.275,774.497,0,7.296,7.296,NA,13
"5/24/2022 8:21:25 AM",0,28.67,0.338,0.746,690.2,996.297,0,0,0,0,8.148,96.479,7.282,815.618,0,7.303,7.303,NA,13
"5/24/2022 8:21:25 AM",0,28.58,0.328,0.723,670.6,996.315,0,0,0,0,8.147,96.545,7.288,919.185,0,7.309,7.309,NA,13
"5/24/2022 8:21:25 AM",0,28.54,0.328,0.723,670.5,996.327,0,0,0,0,8.145,96.486,7.283,1027.254,0,7.304,7.304,NA,13
"5/24/2022 8:21:25 AM",0,28.471,0.324,0.713,662.7,996.344,0,0,0,0,8.144,96.397,7.277,1094.627,0,7.298,7.298,NA,13
"5/24/2022 8:21:25 AM",0,28.431,0.852,1.809,1682.3,996.752,0,0,0,0,8.144,96.456,7.26,1192.671,0,7.281,7.281,NA,13
"5/24/2022 8:21:26 AM",0,28.395,0.712,1.523,1417.2,996.657,0,0,0,0,8.145,96.61,7.277,1385.276,0,7.298,7.298,NA,13
"5/24/2022 8:21:26 AM",0,28.292,0.546,1.177,1097.7,996.562,0,0,0,0,8.145,96.571,7.281,1460.636,0,7.302,7.302,NA,13
"5/24/2022 8:21:26 AM",0,28.098,0.478,1.031,965.2,996.566,0,0,0,0.67,8.145,96.413,7.272,337.292,0,7.293,7.293,NA,13
"5/24/2022 8:21:26 AM",0,27.903,0.443,0.956,898.7,996.596,0,0,0,0,8.144,96.483,7.278,208.068,0,7.299,7.299,NA,13
"5/24/2022 8:21:26 AM",0,27.752,0.39,0.841,792.8,996.598,0,0,0,0,8.143,96.525,7.284,197.363,0,7.305,7.305,NA,13
"5/24/2022 8:21:27 AM",0,27.647,0.358,0.773,730.8,996.604,0,0,0,0,8.142,96.528,7.285,258.109,0,7.306,7.306,NA,13
"5/24/2022 8:21:27 AM",0,27.602,0.352,0.759,717.8,996.612,0,0.226,0.226,7.419,8.141,96.452,7.28,246.045,0,7.301,7.301,NA,13
"5/24/2022 8:21:27 AM",0,27.647,0.335,0.724,684.4,996.587,0,3.9,3.9,15.31,8.14,96.502,7.284,254.711,0,7.305,7.305,NA,13
"5/24/2022 8:21:27 AM",0,28.277,1.012,2.125,1981.7,996.916,0,3.152,3.152,18.883,8.193,96.421,7.251,281.133,0,7.272,7.272,NA,13
"5/24/2022 8:21:27 AM",0,29.496,1.42,3.002,2731.6,996.864,0,2.543,2.543,10.469,8.282,96.429,7.235,293.962,0,7.256,7.256,NA,13
"5/24/2022 8:21:28 AM",0,29.862,1.467,3.116,2815,996.788,0,2.161,2.161,8.43,8.345,96.47,7.236,288.695,0,7.257,7.257,NA,13
"5/24/2022 8:21:28 AM",0,29.974,1.574,3.339,3010,996.835,0,1.888,1.888,8.489,8.386,96.425,7.229,1082.563,0,7.25,7.25,NA,13
"5/24/2022 8:21:28 AM",0,30.015,1.547,3.287,2960.4,996.802,0,2.169,2.169,8.635,8.426,96.554,7.24,1389.014,0,7.261,7.261,NA,13
"5/24/2022 8:21:28 AM",0,30.019,1.582,3.357,3023.6,996.826,0,1.958,1.958,8.884,8.447,96.53,7.237,1412.718,0,7.258,7.258,NA,13
"5/24/2022 8:25:21 AM",0.094,29.593,50.712,80.196,72836.2,1033.71,33.71,0.25,0.25,0.481,7.939,92.731,5.276,255.051,0,5.288,5.291,NA,13
"5/24/2022 8:25:21 AM",0.073,29.592,50.712,80.196,72837.1,1033.711,33.71,0.086,0.086,0.058,7.96,92.652,5.271,246.47,0,5.283,5.286,NA,13
"5/24/2022 8:25:22 AM",0.026,29.592,50.71,80.193,72834,1033.709,33.708,0.031,0.031,0,7.985,92.871,5.284,260.318,0,5.295,5.298,NA,13
"5/24/2022 8:25:22 AM",0.04,29.591,50.714,80.196,72838.7,1033.712,33.712,0.047,0.047,0.044,7.999,92.968,5.289,252.332,0,5.3,5.304,NA,13
"5/24/2022 8:25:22 AM",0.052,29.59,50.715,80.197,72840.4,1033.713,33.713,0.413,0.413,0.466,8.014,93.058,5.294,197.193,0,5.305,5.309,NA,13
"5/24/2022 8:25:22 AM",0.066,29.59,50.715,80.196,72840.8,1033.714,33.713,0.382,0.382,0.816,8.027,93.12,5.297,210.701,0,5.309,5.312,NA,13
"5/24/2022 8:25:22 AM",0.08,29.59,50.712,80.192,72837.1,1033.711,33.711,0.632,0.632,1.399,8.038,93.092,5.295,239.758,0,5.307,5.31,NA,13
"5/24/2022 8:25:23 AM",0.113,29.589,50.678,80.144,72794.8,1033.686,33.685,0.757,0.757,2.259,8.054,93.259,5.306,190.396,0,5.318,5.321,NA,13
"5/24/2022 8:25:23 AM",0.118,29.589,50.713,80.192,72838.9,1033.713,33.712,1.342,1.342,1.953,8.062,93.302,5.307,205.434,0,5.319,5.322,NA,13
"5/24/2022 8:25:23 AM",0.13,29.589,50.719,80.2,72845.1,1033.717,33.716,0.499,0.499,0.961,8.07,93.299,5.307,199.487,0,5.319,5.322,NA,13
"5/24/2022 8:25:23 AM",0.144,29.589,50.723,80.206,72850.4,1033.72,33.719,0.156,0.156,0.277,8.079,93.335,5.309,169.326,0,5.321,5.324,NA,13
"5/24/2022 8:25:23 AM",0.189,29.591,50.722,80.208,72849.2,1033.719,33.718,0.109,0.109,0.175,8.09,93.441,5.315,141.374,0,5.327,5.33,NA,13
"5/24/2022 8:25:24 AM",0.213,29.593,50.717,80.204,72843.1,1033.715,33.714,0.203,0.203,0.073,8.095,93.548,5.321,131.348,0,5.333,5.336,NA,13
"5/24/2022 8:25:24 AM",0.215,29.592,50.719,80.204,72844.8,1033.716,33.715,0.094,0.094,0,8.1,93.482,5.317,128.205,0,5.329,5.332,NA,13
"5/24/2022 8:25:24 AM",0.212,29.592,50.719,80.205,72845.7,1033.717,33.716,0.039,0.039,0,8.105,93.595,5.323,118.435,0,5.335,5.338,NA,13
"5/24/2022 8:25:24 AM",0.177,29.592,50.72,80.206,72847.2,1033.717,33.717,0.101,0.101,0.146,8.114,93.601,5.324,126.931,0,5.335,5.339,NA,13
"5/24/2022 8:25:24 AM",0.121,29.591,50.72,80.206,72847.1,1033.717,33.717,0.094,0.094,0.087,8.118,93.637,5.326,147.321,0,5.337,5.341,NA,13
"5/24/2022 8:25:25 AM",0.047,29.591,50.719,80.204,72845.8,1033.716,33.716,0,0,0,8.123,93.541,5.32,180.71,0,5.332,5.335,NA,13
"5/24/2022 8:25:25 AM",0.015,29.591,50.705,80.184,72828,1033.705,33.705,0,0,0,8.127,93.593,5.324,206.113,0,5.335,5.339,NA,13
"5/24/2022 8:25:25 AM",0.042,29.59,50.719,80.202,72845.1,1033.716,33.716,0.07,0.07,0.816,8.133,93.716,5.33,183.514,0,5.342,5.345,NA,13
"5/24/2022 8:25:25 AM",0.083,29.59,50.693,80.166,72813.2,1033.697,33.696,0.039,0.039,1.967,8.136,93.574,5.323,174.253,0,5.335,5.338,NA,13
"5/24/2022 8:25:25 AM",0.078,29.59,50.71,80.189,72834.7,1033.71,33.71,0.226,0.226,1.107,8.14,93.615,5.325,168.306,0,5.336,5.34,NA,13
"5/24/2022 8:25:26 AM",0.048,29.591,50.722,80.207,72849.2,1033.718,33.718,0.109,0.109,0,8.142,93.598,5.323,150.974,0,5.335,5.338,NA,13
"5/24/2022 8:25:26 AM",0.026,29.592,50.721,80.207,72847.7,1033.717,33.717,0.546,0.546,2.186,8.145,93.569,5.321,182.41,0,5.333,5.336,NA,13
"5/24/2022 8:25:26 AM",0,29.592,50.714,80.197,72839.5,1033.712,33.712,0.265,0.265,2.419,8.149,93.66,5.327,231.602,0,5.339,5.342,NA,13
"5/24/2022 8:25:26 AM",0,29.591,50.709,80.19,72833.1,1033.708,33.708,6.28,6.28,11.733,8.152,93.751,5.332,235.68,0,5.344,5.347,NA,13
"5/24/2022 8:25:26 AM",0,29.592,50.503,79.907,72575.8,1033.551,33.552,5.351,5.351,7.99,8.155,93.84,5.344,231.177,0,5.356,5.359,NA,13
"5/24/2022 8:25:27 AM",0,29.591,50.718,80.201,72843.7,1033.714,33.715,2.317,2.317,3.718,8.156,93.753,5.332,220.387,0,5.344,5.348,NA,13
"5/24/2022 8:25:27 AM",0,29.59,50.722,80.205,72848.7,1033.718,33.718,0.538,0.538,1.267,8.16,93.891,5.341,220.642,0,5.353,5.356,NA,13
"5/24/2022 8:25:27 AM",0.066,29.59,50.723,80.207,72850,1033.719,33.719,0.546,0.546,1.311,8.163,93.884,5.341,179.096,0,5.353,5.356,NA,13
"5/24/2022 8:25:27 AM",0.123,29.591,50.721,80.206,72848.5,1033.718,33.718,0.741,0.741,1.442,8.163,93.861,5.34,148.341,0,5.352,5.355,NA,13
"5/24/2022 8:25:28 AM",0.173,29.591,50.606,80.048,72704.8,1033.631,33.63,4.524,4.524,1.107,8.164,93.942,5.349,155.562,0,5.361,5.364,NA,13
"5/24/2022 8:25:28 AM",0.217,29.59,50.704,80.181,72826.9,1033.706,33.705,15.843,15.843,2.93,8.166,93.854,5.341,140.779,0,5.353,5.357,NA,13
"5/24/2022 8:25:28 AM",0.257,29.591,50.722,80.207,72849.8,1033.72,33.719,24.526,24.526,6.526,8.168,94.009,5.35,144.432,0,5.362,5.365,NA,13
"5/24/2022 8:25:28 AM",0.285,29.59,50.725,80.21,72852.7,1033.721,33.72,19.127,19.127,6.716,8.169,94.072,5.354,139.165,0,5.365,5.369,NA,13
"5/24/2022 8:25:28 AM",0.304,29.59,50.725,80.211,72853.4,1033.722,33.721,21.951,21.951,26.148,8.171,94.042,5.352,118.01,0,5.363,5.367,NA,13
"5/24/2022 8:25:29 AM",0.309,29.59,50.724,80.21,72852.3,1033.721,33.72,12.115,12.115,32.303,8.173,94.126,5.356,111.383,0,5.368,5.372,NA,13
"5/24/2022 8:25:29 AM",0.307,29.591,50.727,80.214,72855.2,1033.723,33.722,2.543,2.543,6.569,8.174,94.295,5.366,134.067,0,5.378,5.381,NA,13
"5/24/2022 8:25:29 AM",0.276,29.591,50.723,80.21,72851,1033.72,33.719,0.975,0.975,2.098,8.175,94.331,5.368,125.741,0,5.38,5.384,NA,13
"5/24/2022 8:25:29 AM",0.22,29.592,50.725,80.212,72852.8,1033.721,33.72,0.796,0.796,0.961,8.176,94.436,5.374,127.185,0,5.386,5.39,NA,13
"5/24/2022 8:25:29 AM",0.158,29.592,50.726,80.213,72853.9,1033.721,33.721,0.265,0.265,0.349,8.177,94.437,5.375,140.609,0,5.386,5.39,NA,13
"5/24/2022 8:25:30 AM",0.088,29.592,50.714,80.198,72838.7,1033.712,33.711,0.32,0.32,0.845,8.178,94.492,5.378,152.079,0,5.39,5.393,NA,13
"5/24/2022 8:25:30 AM",0,29.593,50.706,80.188,72828.8,1033.705,33.705,0.757,0.757,0.743,8.18,94.571,5.383,207.303,0,5.395,5.398,NA,13
"5/24/2022 8:25:30 AM",0,29.593,50.067,79.31,72032,1033.221,33.221,0.062,0.062,0.146,8.181,94.732,5.412,225.314,0,5.424,5.427,NA,13
"5/24/2022 8:25:30 AM",0,29.593,50.719,80.206,72845.1,1033.715,33.715,2.769,2.769,3.631,8.181,94.767,5.395,230.922,0,5.407,5.411,NA,13
"5/24/2022 8:25:30 AM",0,29.593,50.525,79.94,72603.5,1033.568,33.568,1.513,1.513,1.734,8.181,94.787,5.404,235.34,0,5.416,5.419,NA,13
"5/24/2022 8:25:31 AM",0,29.592,50.718,80.203,72844.2,1033.715,33.715,0.655,0.655,0.859,8.181,94.843,5.404,238.568,0,5.416,5.42,NA,13
"5/24/2022 8:25:31 AM",0.033,29.592,50.725,80.212,72852.4,1033.72,33.72,0.913,0.913,1.224,8.183,94.913,5.41,189.971,0,5.422,5.425,NA,13
"5/24/2022 8:25:31 AM",0.073,29.592,50.727,80.216,72855.5,1033.722,33.722,0.889,0.889,1.603,8.184,94.948,5.412,175.358,0,5.425,5.428,NA,13
"5/24/2022 8:25:31 AM",0.097,29.592,50.725,80.214,72853.2,1033.72,33.72,0.663,0.663,2.084,8.184,95.145,5.424,161.509,0,5.436,5.44,NA,13
"5/24/2022 8:25:31 AM",0.133,29.593,50.726,80.215,72853.6,1033.721,33.72,0.351,0.351,0.859,8.186,95.283,5.433,195.069,0,5.445,5.448,NA,13
"5/24/2022 8:25:32 AM",0.18,29.592,50.726,80.214,72853.9,1033.721,33.721,0.125,0.125,0.714,8.187,95.174,5.427,153.098,0,5.439,5.442,NA,13
"5/24/2022 8:25:32 AM",0.252,29.593,50.727,80.216,72855.1,1033.722,33.721,0.211,0.211,0.204,8.188,95.199,5.428,124.892,0,5.44,5.443,NA,13
"5/24/2022 8:25:32 AM",0.373,29.593,50.728,80.218,72856.1,1033.723,33.722,0,0,0,8.19,95.366,5.438,96.09,0,5.45,5.453,NA,13
"5/24/2022 8:25:32 AM",0.512,29.593,50.728,80.218,72856.6,1033.724,33.722,0.117,0.117,0.116,8.19,95.394,5.439,74.255,0,5.451,5.455,NA,13
"5/24/2022 8:25:32 AM",0.658,29.593,50.733,80.226,72863.2,1033.729,33.726,0.429,0.429,0.947,8.191,95.598,5.451,87.509,0,5.463,5.467,NA,13
"5/24/2022 8:25:33 AM",0.729,29.593,50.737,80.232,72868.1,1033.732,33.729,0.211,0.211,0.393,8.192,95.607,5.452,107.815,0,5.464,5.467,NA,13
"5/24/2022 8:25:33 AM",0.776,29.594,50.742,80.239,72874.5,1033.736,33.733,0.094,0.094,0.131,8.193,95.675,5.455,116.99,0,5.467,5.471,NA,13
"5/24/2022 8:25:33 AM",0.841,29.595,50.744,80.243,72876.2,1033.737,33.733,0.07,0.07,0.073,8.195,95.766,5.461,113.592,0,5.473,5.476,NA,13
"5/24/2022 8:25:33 AM",0.912,29.595,50.75,80.252,72883.8,1033.742,33.738,0.055,0.055,0.073,8.195,95.798,5.462,105.945,0,5.474,5.478,NA,13
"5/24/2022 8:25:33 AM",1.014,29.595,50.752,80.254,72886.3,1033.744,33.739,0.039,0.039,0.044,8.196,95.802,5.462,100.678,0,5.474,5.477,NA,13
"5/24/2022 8:25:34 AM",1.053,29.595,50.752,80.256,72887.1,1033.744,33.74,0.039,0.039,0,8.197,95.893,5.467,100.168,0,5.479,5.482,NA,13
"5/24/2022 8:25:34 AM",1.072,29.595,50.752,80.254,72886.1,1033.744,33.739,0.039,0.039,0.029,8.198,95.915,5.468,97.11,0,5.48,5.484,NA,13
"5/24/2022 8:25:34 AM",1.087,29.594,50.754,80.256,72888.6,1033.745,33.741,0.047,0.047,0.102,8.198,95.961,5.471,90.313,0,5.483,5.486,NA,13
"5/24/2022 8:25:34 AM",1.089,29.593,50.756,80.257,72891.2,1033.747,33.743,0.055,0.055,0.073,8.196,95.919,5.468,84.875,0,5.48,5.484,NA,13
"5/24/2022 8:25:34 AM",1.072,29.593,50.758,80.26,72894.9,1033.75,33.745,0.086,0.086,0.087,8.196,95.981,5.471,83.091,0,5.483,5.487,NA,13
"5/24/2022 8:25:35 AM",1.033,29.593,50.756,80.258,72891.4,1033.747,33.743,0.078,0.078,0.073,8.196,96.002,5.473,77.739,0,5.485,5.488,NA,13
"5/24/2022 8:25:35 AM",0.988,29.592,50.758,80.259,72894.4,1033.749,33.745,0.078,0.078,0.087,8.197,95.958,5.47,68.223,0,5.482,5.486,NA,13
"5/24/2022 8:25:35 AM",0.934,29.593,50.759,80.261,72895.5,1033.75,33.746,0.078,0.078,0.073,8.197,96.056,5.476,54.799,0,5.488,5.491,NA,13
"5/24/2022 8:25:35 AM",0.828,29.593,50.757,80.259,72893.3,1033.748,33.744,0.101,0.101,0.087,8.197,96.003,5.473,39.761,0,5.486,5.489,NA,13
"5/24/2022 8:25:35 AM",0.743,29.593,50.757,80.258,72893.2,1033.747,33.744,0.094,0.094,0.131,8.198,96.089,5.479,38.997,0,5.491,5.494,NA,13
"5/24/2022 8:25:36 AM",0.655,29.593,50.756,80.256,72891.4,1033.746,33.743,0.101,0.101,0.146,8.199,96.153,5.483,37.298,0,5.495,5.498,NA,13
"5/24/2022 8:25:36 AM",0.557,29.593,50.753,80.252,72887.7,1033.743,33.741,0.094,0.094,0.116,8.201,96.117,5.481,31.945,0,5.493,5.496,NA,13
"5/24/2022 8:25:36 AM",0.47,29.592,50.754,80.253,72888.5,1033.744,33.742,0.117,0.117,0.16,8.201,96.157,5.483,25.148,0,5.495,5.499,NA,13
"5/24/2022 8:25:36 AM",0.358,29.592,50.753,80.25,72887.4,1033.743,33.741,0.101,0.101,0.131,8.201,96.243,5.488,43.245,0,5.5,5.504,NA,13
"5/24/2022 8:25:36 AM",0.366,29.596,50.701,80.186,72822.2,1033.702,33.7,0.031,0.031,0.015,8.201,96.216,5.488,65.929,0,5.5,5.504,NA,13
"5/24/2022 8:25:37 AM",0.411,29.599,50.768,80.282,72905.8,1033.752,33.75,0.055,0.055,0.116,8.201,96.265,5.489,69.243,0,5.501,5.504,NA,13
"5/24/2022 8:25:37 AM",0.49,29.613,50.768,80.303,72903.9,1033.747,33.745,0.133,0.133,0.612,8.201,96.402,5.498,80.202,0,5.51,5.514,NA,13
"5/24/2022 8:25:37 AM",0.556,29.628,50.707,80.241,72826.1,1033.696,33.693,0.234,0.234,0.349,8.202,96.504,5.507,87.254,0,5.519,5.523,NA,13
"5/24/2022 8:25:37 AM",0.623,29.615,50.727,80.249,72852.8,1033.716,33.713,1.069,1.069,0.67,8.202,96.515,5.508,83.516,0,5.52,5.523,NA,13
"5/24/2022 8:25:38 AM",0.677,29.601,50.74,80.247,72870.2,1033.731,33.728,0.406,0.406,0.393,8.201,96.544,5.509,83.431,0,5.521,5.525,NA,13
"5/24/2022 8:25:38 AM",0.698,29.595,50.746,80.245,72878.4,1033.738,33.735,0.148,0.148,0.335,8.201,96.591,5.512,83.176,0,5.524,5.528,NA,13
"5/24/2022 8:25:38 AM",0.695,29.594,50.746,80.245,72879,1033.738,33.735,8.284,8.284,3.908,8.202,96.582,5.512,82.326,0,5.524,5.528,NA,13
"5/24/2022 8:25:38 AM",0.651,29.595,50.751,80.253,72885.3,1033.742,33.739,1.552,1.552,0.699,8.203,96.566,5.513,87.169,0,5.525,5.529,NA,13
"5/24/2022 8:25:38 AM",0.637,29.595,50.75,80.252,72883.9,1033.741,33.738,0.367,0.367,0,8.204,96.539,5.513,84.535,0,5.525,5.528,NA,13
"5/24/2022 8:25:39 AM",0.622,29.596,50.748,80.25,72880.9,1033.738,33.736,0.203,0.203,2.696,8.204,96.568,5.515,82.836,0,5.527,5.531,NA,13
"5/24/2022 8:25:39 AM",0.632,29.595,50.75,80.253,72884.2,1033.741,33.738,0.242,0.242,1.515,8.203,96.638,5.52,93.286,0,5.532,5.536,NA,13
"5/24/2022 8:25:39 AM",0.649,29.595,50.752,80.254,72886.1,1033.742,33.739,0.109,0.109,0.539,8.202,96.583,5.517,96.26,0,5.529,5.532,NA,13
"5/24/2022 8:25:39 AM",0.681,29.594,50.751,80.251,72885.1,1033.742,33.739,0.109,0.109,0.248,8.204,96.466,5.51,93.626,0,5.522,5.525,NA,13
"5/24/2022 8:25:39 AM",0.7,29.594,50.75,80.249,72883.5,1033.741,33.738,0.117,0.117,0.175,8.205,96.555,5.514,94.646,0,5.527,5.53,NA,13
"5/24/2022 8:25:40 AM",0.714,29.594,50.748,80.248,72881.9,1033.74,33.737,0.187,0.187,0.218,8.206,96.537,5.513,94.731,0,5.525,5.529,NA,13
"5/24/2022 8:25:40 AM",0.731,29.592,50.754,80.252,72888.6,1033.745,33.742,0.281,0.281,0.349,8.205,96.593,5.516,89.378,0,5.528,5.532,NA,13
"5/24/2022 8:25:40 AM",0.736,29.591,50.754,80.25,72889.2,1033.745,33.742,0.265,0.265,0.248,8.204,96.603,5.516,67.713,0,5.528,5.532,NA,13
"5/24/2022 8:25:40 AM",0.748,29.59,50.759,80.257,72895.5,1033.749,33.746,0.835,0.835,0.218,8.204,96.472,5.508,53.27,0,5.52,5.523,NA,13
"5/24/2022 8:25:40 AM",0.759,29.59,50.762,80.26,72899.7,1033.752,33.749,0.476,0.476,0.422,8.205,96.424,5.505,44.689,0,5.517,5.52,NA,13
"5/24/2022 8:25:41 AM",0.771,29.59,50.765,80.264,72902.9,1033.754,33.751,0.195,0.195,0.204,8.205,96.517,5.51,42.31,0,5.522,5.525,NA,13
"5/24/2022 8:25:41 AM",0.766,29.589,50.758,80.255,72895.1,1033.75,33.746,0.078,0.078,0.102,8.205,96.526,5.51,39.761,0,5.522,5.526,NA,13
"5/24/2022 8:25:41 AM",0.707,29.588,50.762,80.257,72899.2,1033.752,33.749,0.164,0.164,0.146,8.205,96.629,5.516,34.409,0,5.528,5.531,NA,13
"5/24/2022 8:25:41 AM",0.594,29.587,50.766,80.261,72904.3,1033.755,33.753,0.179,0.179,0.335,8.205,96.532,5.51,28.971,0,5.522,5.526,NA,13
"5/24/2022 8:25:41 AM",0.524,29.589,50.764,80.261,72901.5,1033.753,33.75,0.14,0.14,0.131,8.205,96.506,5.508,60.492,0,5.521,5.524,NA,13
"5/24/2022 8:25:42 AM",0.573,29.59,50.762,80.26,72899.1,1033.751,33.749,0.078,0.078,0.146,8.206,96.525,5.509,66.099,0,5.521,5.525,NA,13
"5/24/2022 8:25:42 AM",0.646,29.59,50.763,80.263,72900.8,1033.752,33.75,0.187,0.187,0.451,8.206,96.63,5.516,80.287,0,5.528,5.531,NA,13
"5/24/2022 8:25:42 AM",0.681,29.59,50.763,80.263,72900.9,1033.753,33.75,0.148,0.148,0.277,8.207,96.448,5.506,84.281,0,5.518,5.522,NA,13
"5/24/2022 8:25:42 AM",0.696,29.59,50.766,80.267,72905,1033.755,33.752,3.175,3.175,7.785,8.208,96.625,5.516,85.385,0,5.528,5.532,NA,13
"5/24/2022 8:25:42 AM",0.695,29.592,50.77,80.274,72908.6,1033.757,33.754,1.716,1.716,2.2,8.208,96.473,5.507,82.836,0,5.52,5.523,NA,13
"5/24/2022 8:25:43 AM",0.728,29.597,50.759,80.268,72895.2,1033.747,33.744,0.328,0.328,0.451,8.21,96.484,5.509,85.64,0,5.521,5.524,NA,13
"5/24/2022 8:25:43 AM",0.757,29.597,50.81,80.337,72958.7,1033.786,33.783,0.172,0.172,0.364,8.21,96.407,5.503,87.849,0,5.515,5.518,NA,13
"5/24/2022 8:25:43 AM",0.703,29.615,50.758,80.292,72891.2,1033.74,33.737,0.086,0.086,0.189,8.211,96.417,5.505,83.091,0,5.517,5.521,NA,13
"5/24/2022 8:25:43 AM",0.669,29.615,50.753,80.286,72885.1,1033.736,33.733,0.07,0.07,0.116,8.212,96.362,5.502,81.052,0,5.515,5.518,NA,13
"5/24/2022 8:25:43 AM",0.599,29.607,50.761,80.284,72895.5,1033.744,33.742,0.109,0.109,0.189,8.212,96.444,5.507,84.96,0,5.519,5.523,NA,13
"5/24/2022 8:25:44 AM",0.547,29.599,50.764,80.278,72901.2,1033.75,33.747,0.109,0.109,0.204,8.212,96.378,5.503,79.098,0,5.516,5.519,NA,13
"5/24/2022 8:25:44 AM",0.458,29.595,50.766,80.273,72903.4,1033.752,33.75,0.148,0.148,0.233,8.212,96.281,5.498,37.807,0,5.51,5.513,NA,13
"5/24/2022 8:25:44 AM",0.453,29.593,50.743,80.239,72875.1,1033.735,33.733,0.125,0.125,0.16,8.212,96.356,5.503,16.737,0,5.515,5.519,NA,13
"5/24/2022 8:25:44 AM",0.503,29.592,50.725,80.212,72852.8,1033.722,33.72,2.418,2.418,3.397,8.211,96.376,5.505,11.13,0,5.517,5.521,NA,13
"5/24/2022 8:25:44 AM",0.5,29.591,50.763,80.264,72899.8,1033.751,33.749,0.991,0.991,1.238,8.211,96.243,5.496,16.822,0,5.509,5.512,NA,13
"5/24/2022 8:25:45 AM",0.523,29.591,50.762,80.262,72899.1,1033.751,33.748,0.304,0.304,0.495,8.212,96.199,5.494,58.198,0,5.506,5.51,NA,13
"5/24/2022 8:25:45 AM",0.561,29.591,50.762,80.262,72899.2,1033.751,33.748,1.849,1.849,0.277,8.212,96.177,5.493,86.744,0,5.505,5.509,NA,13
"5/24/2022 8:25:45 AM",0.556,29.591,50.762,80.262,72899.2,1033.751,33.748,0.944,0.944,0.728,8.213,96.194,5.493,88.529,0,5.506,5.509,NA,13
"5/24/2022 8:25:45 AM",0.596,29.591,50.765,80.266,72902.6,1033.753,33.75,0.25,0.25,0.335,8.213,96.255,5.497,90.907,0,5.509,5.512,NA,13
"5/24/2022 8:25:45 AM",0.615,29.591,50.764,80.265,72901.2,1033.752,33.749,0.187,0.187,0.233,8.214,96.214,5.494,94.816,0,5.506,5.51,NA,13
"5/24/2022 8:25:46 AM",0.669,29.592,50.764,80.266,72901.2,1033.752,33.749,0.117,0.117,0.437,8.214,96.227,5.494,92.522,0,5.507,5.51,NA,13
"5/24/2022 8:25:46 AM",0.729,29.592,50.765,80.267,72902.8,1033.753,33.75,0.086,0.086,0.175,8.214,96.225,5.494,97.279,0,5.506,5.51,NA,13
"5/24/2022 8:25:46 AM",0.856,29.592,50.765,80.269,72903.4,1033.754,33.75,0.055,0.055,0.087,8.213,96.158,5.49,103.991,0,5.502,5.506,NA,13
"5/24/2022 8:25:46 AM",1.002,29.592,50.772,80.279,72912.3,1033.76,33.756,0.101,0.101,0.16,8.215,96.222,5.493,97.11,0,5.505,5.509,NA,13
"5/24/2022 8:25:46 AM",1.079,29.592,50.776,80.283,72916.3,1033.763,33.758,0.094,0.094,0.102,8.214,96.24,5.494,94.816,0,5.506,5.51,NA,13
"5/24/2022 8:25:47 AM",1.15,29.593,50.778,80.287,72919.1,1033.765,33.76,0.101,0.101,0.146,8.215,96.195,5.491,87.339,0,5.504,5.507,NA,13
"5/24/2022 8:25:47 AM",1.185,29.593,50.782,80.293,72924.3,1033.768,33.763,0.078,0.078,0.102,8.215,96.243,5.494,76.039,0,5.506,5.509,NA,13
"5/24/2022 8:25:47 AM",1.207,29.594,50.784,80.297,72926.9,1033.769,33.764,0.078,0.078,0.044,8.216,96.188,5.49,65.844,0,5.502,5.506,NA,13
"5/24/2022 8:25:47 AM",1.204,29.595,50.784,80.297,72926,1033.769,33.763,0.062,0.062,0.073,8.216,96.263,5.494,64.315,0,5.507,5.51,NA,13
"5/24/2022 8:25:48 AM",1.183,29.594,50.785,80.298,72927.6,1033.77,33.765,0.047,0.047,0.029,8.217,96.107,5.485,64.57,0,5.498,5.501,NA,13
"5/24/2022 8:25:48 AM",1.136,29.595,50.785,80.3,72928,1033.77,33.765,0.172,0.172,0.422,8.217,96.114,5.486,58.368,0,5.498,5.501,NA,13
"5/24/2022 8:25:48 AM",1.075,29.594,50.787,80.301,72929.7,1033.771,33.766,0.156,0.156,0.379,8.217,96.218,5.492,49.022,0,5.504,5.507,NA,13
"5/24/2022 8:25:48 AM",0.955,29.594,50.786,80.3,72928.8,1033.77,33.765,0.117,0.117,0.218,8.215,96.193,5.49,36.193,0,5.503,5.506,NA,13
"5/24/2022 8:25:48 AM",0.891,29.595,50.786,80.3,72928.2,1033.769,33.765,0.086,0.086,0.116,8.216,96.088,5.484,26.423,0,5.497,5.5,NA,13
"5/24/2022 8:25:49 AM",0.839,29.595,50.786,80.301,72928.1,1033.768,33.765,0.094,0.094,0.146,8.216,96.268,5.494,17.757,0,5.507,5.51,NA,13
"5/24/2022 8:25:49 AM",0.771,29.595,50.784,80.298,72926.3,1033.767,33.764,0.078,0.078,0.116,8.217,96.338,5.499,13.764,0,5.511,5.514,NA,13
"5/24/2022 8:25:49 AM",0.669,29.594,50.783,80.295,72925.6,1033.767,33.764,0.07,0.07,0.073,8.218,96.3,5.497,13.509,0,5.509,5.512,NA,13
"5/24/2022 8:25:49 AM",0.609,29.592,50.782,80.291,72924.3,1033.766,33.763,0.094,0.094,0.218,8.218,96.281,5.496,24.723,0,5.508,5.511,NA,13
"5/24/2022 8:25:49 AM",0.613,29.591,50.778,80.283,72919,1033.763,33.761,0.117,0.117,0.306,8.218,96.216,5.492,38.912,0,5.505,5.508,NA,13
"5/24/2022 8:25:50 AM",0.669,29.59,50.78,80.286,72922.1,1033.765,33.763,0.062,0.062,0.102,8.217,96.203,5.491,43.585,0,5.503,5.507,NA,13
"5/24/2022 8:25:50 AM",0.717,29.59,50.778,80.282,72919.2,1033.764,33.761,0.094,0.094,0.131,8.217,96.105,5.485,47.833,0,5.498,5.501,NA,13
"5/24/2022 8:25:50 AM",0.738,29.591,50.78,80.286,72921.2,1033.765,33.762,0.179,0.179,0.568,8.216,96.185,5.49,48.512,0,5.502,5.505,NA,13
"5/24/2022 8:25:50 AM",0.775,29.591,50.771,80.275,72911.1,1033.759,33.756,0.655,0.655,2.521,8.217,96.266,5.495,45.624,0,5.507,5.51,NA,13
"5/24/2022 8:25:50 AM",0.813,29.591,50.771,80.275,72911.2,1033.759,33.756,0.53,0.53,1.209,8.216,96.222,5.492,33.899,0,5.504,5.508,NA,13
"5/24/2022 8:25:51 AM",0.839,29.592,50.777,80.284,72917.9,1033.763,33.76,0.367,0.367,0.976,8.216,96.229,5.492,26.253,0,5.505,5.508,NA,13
"5/24/2022 8:25:51 AM",0.894,29.593,50.781,80.292,72923.4,1033.766,33.763,0.125,0.125,0.379,8.218,96.341,5.498,32.115,0,5.511,5.514,NA,13
"5/24/2022 8:25:51 AM",0.921,29.593,50.782,80.292,72923.8,1033.767,33.763,0.546,0.546,0.422,8.218,96.564,5.511,34.919,0,5.524,5.527,NA,13
"5/24/2022 8:25:51 AM",0.934,29.593,50.786,80.299,72929.1,1033.77,33.766,0.328,0.328,0.277,8.218,96.481,5.507,43.585,0,5.519,5.523,NA,13
"5/24/2022 8:25:51 AM",0.945,29.594,50.787,80.302,72930.7,1033.771,33.767,0.125,0.125,0.087,8.218,96.451,5.505,50.466,0,5.518,5.521,NA,13
"5/24/2022 8:25:52 AM",0.936,29.596,50.786,80.302,72928.5,1033.769,33.765,0.086,0.086,0.029,8.218,96.467,5.507,51.826,0,5.519,5.522,NA,13
"5/24/2022 8:25:52 AM",0.887,29.596,50.786,80.302,72928.1,1033.768,33.764,0.055,0.055,0.029,8.218,96.416,5.504,51.231,0,5.517,5.52,NA,13
"5/24/2022 8:25:52 AM",0.835,29.596,50.787,80.304,72929.4,1033.769,33.765,0.07,0.07,0.029,8.219,96.437,5.506,36.703,0,5.518,5.522,NA,13
"5/24/2022 8:25:52 AM",0.794,29.596,50.786,80.302,72928.2,1033.768,33.765,0.086,0.086,0.146,8.219,96.427,5.505,13.849,0,5.517,5.521,NA,13
"5/24/2022 8:25:52 AM",0.729,29.596,50.783,80.298,72925.1,1033.766,33.763,0.101,0.101,0.189,8.22,96.372,5.502,5.947,0,5.515,5.518,NA,13
"5/24/2022 8:25:53 AM",0.662,29.596,50.782,80.297,72923.7,1033.765,33.762,0.101,0.101,0.175,8.22,96.378,5.503,8.156,0,5.516,5.519,NA,13
"5/24/2022 8:25:53 AM",0.613,29.596,50.777,80.29,72917.2,1033.761,33.758,0.07,0.07,0.087,8.22,96.303,5.499,16.737,0,5.512,5.515,NA,13
"5/24/2022 8:25:53 AM",0.594,29.596,50.771,80.282,72910.4,1033.756,33.754,0.07,0.07,0.073,8.221,96.219,5.495,24.214,0,5.507,5.511,NA,13
"5/24/2022 8:25:53 AM",0.585,29.593,50.773,80.28,72912.1,1033.758,33.756,0.07,0.07,0.116,8.221,96.182,5.493,26.593,0,5.505,5.509,NA,13
"5/24/2022 8:25:53 AM",0.592,29.591,50.772,80.276,72911.5,1033.758,33.756,0.086,0.086,0.335,8.22,96.143,5.491,23.874,0,5.503,5.506,NA,13
"5/24/2022 8:25:54 AM",0.62,29.59,50.775,80.278,72915.7,1033.761,33.759,0.273,0.273,0.612,8.221,96.227,5.496,15.548,0,5.508,5.511,NA,13
"5/24/2022 8:25:54 AM",0.655,29.59,50.774,80.276,72913.8,1033.76,33.758,0.117,0.117,0.175,8.22,96.231,5.496,15.548,0,5.508,5.512,NA,13
"5/24/2022 8:25:54 AM",0.726,29.59,50.775,80.279,72916.1,1033.762,33.759,0.07,0.07,0.029,8.22,96.107,5.489,18.861,0,5.502,5.505,NA,13
"5/24/2022 8:25:54 AM",0.799,29.591,50.775,80.279,72915.1,1033.761,33.758,0.101,0.101,0.058,8.22,96.026,5.485,24.214,0,5.497,5.501,NA,13
"5/24/2022 8:25:54 AM",0.854,29.59,50.778,80.283,72919.2,1033.764,33.761,0.109,0.109,0.102,8.221,96.159,5.493,25.913,0,5.506,5.509,NA,13
"5/24/2022 8:25:55 AM",0.875,29.59,50.778,80.284,72920,1033.765,33.761,0.078,0.078,0.073,8.222,96.145,5.493,27.442,0,5.505,5.509,NA,13
"5/24/2022 8:25:55 AM",0.87,29.59,50.779,80.284,72921.1,1033.766,33.762,0.055,0.055,0.044,8.222,96.112,5.492,28.207,0,5.504,5.508,NA,13
"5/24/2022 8:25:55 AM",0.884,29.59,50.78,80.285,72921.8,1033.766,33.762,0.195,0.195,0.073,8.223,96.041,5.488,33.389,0,5.5,5.504,NA,13
"5/24/2022 8:25:55 AM",0.879,29.59,50.782,80.288,72924.2,1033.767,33.764,0.125,0.125,0.146,8.223,96.017,5.487,41.036,0,5.499,5.503,NA,13
"5/24/2022 8:25:55 AM",0.905,29.59,50.78,80.287,72922.4,1033.766,33.763,0.078,0.078,0.058,8.223,96.028,5.488,44.689,0,5.5,5.504,NA,13
"5/24/2022 8:25:56 AM",0.912,29.591,50.785,80.293,72928.2,1033.77,33.766,0.312,0.312,0.379,8.223,96.142,5.494,65.164,0,5.507,5.51,NA,13
"5/24/2022 8:25:56 AM",0.898,29.59,50.789,80.298,72933.4,1033.773,33.769,0.14,0.14,0.189,8.223,96.085,5.491,74.595,0,5.504,5.507,NA,13
"5/24/2022 8:25:56 AM",0.865,29.59,50.788,80.298,72932.2,1033.772,33.769,0.086,0.086,0.146,8.223,96.009,5.487,73.745,0,5.499,5.502,NA,13
"5/24/2022 8:25:56 AM",0.849,29.591,50.787,80.297,72930.5,1033.771,33.767,0.078,0.078,0.146,8.224,96.112,5.493,69.667,0,5.505,5.509,NA,13
"5/24/2022 8:25:56 AM",0.775,29.591,50.788,80.298,72931.4,1033.771,33.768,0.335,0.335,0.51,8.224,95.956,5.484,73.406,0,5.496,5.5,NA,13
"5/24/2022 8:25:57 AM",0.689,29.59,50.786,80.293,72929.1,1033.77,33.767,0.296,0.296,0.597,8.224,96.102,5.493,77.229,0,5.505,5.508,NA,13
"5/24/2022 8:25:57 AM",0.568,29.59,50.78,80.286,72922,1033.765,33.763,0.226,0.226,0.714,8.223,96.014,5.488,73.915,0,5.5,5.503,NA,13
"5/24/2022 8:25:57 AM",0.481,29.59,50.779,80.284,72920.6,1033.764,33.762,0.772,0.772,1.705,8.224,96.083,5.492,70.262,0,5.504,5.507,NA,13
"5/24/2022 8:25:57 AM",0.363,29.59,50.727,80.213,72855.4,1033.724,33.722,0.499,0.499,1.457,8.224,95.881,5.481,72.811,0,5.494,5.497,NA,13
"5/24/2022 8:25:58 AM",0.279,29.59,50.769,80.27,72907.3,1033.755,33.754,0.226,0.226,0.684,8.224,96.045,5.49,68.393,0,5.502,5.505,NA,13
"5/24/2022 8:25:58 AM",0.338,29.59,50.756,80.252,72891.1,1033.745,33.744,0.234,0.234,1.136,8.224,96.071,5.492,73.406,0,5.504,5.508,NA,13
"5/24/2022 8:25:58 AM",0.335,29.59,50.526,79.938,72605.8,1033.572,33.57,33.138,33.138,40.065,8.224,96.098,5.501,92.437,0,5.513,5.517,NA,13
"5/24/2022 8:25:58 AM",0.392,29.591,50.754,80.251,72888.9,1033.744,33.742,20.188,20.188,22.554,8.223,96.083,5.494,100.933,0,5.507,5.51,NA,13
"5/24/2022 8:25:58 AM",0.444,29.591,50.773,80.278,72913.2,1033.759,33.757,11.444,11.444,9.002,8.224,95.995,5.489,97.534,0,5.502,5.505,NA,13
"5/24/2022 8:25:59 AM",0.46,29.591,50.776,80.281,72916.5,1033.761,33.759,3.425,3.425,2.872,8.224,96.003,5.489,98.639,0,5.502,5.505,NA,13
"5/24/2022 8:25:59 AM",0.533,29.592,50.773,80.278,72912.4,1033.758,33.756,1.911,1.911,1.996,8.226,95.975,5.488,101.952,0,5.5,5.504,NA,13
"5/24/2022 8:25:59 AM",0.54,29.592,50.772,80.278,72911.9,1033.758,33.756,1.225,1.225,0.83,8.226,96.018,5.49,100.593,0,5.503,5.506,NA,13
"5/24/2022 8:25:59 AM",0.556,29.593,50.724,80.212,72851.4,1033.721,33.719,1.919,1.919,1.311,8.226,96.017,5.492,97.789,0,5.505,5.508,NA,13
"5/24/2022 8:25:59 AM",0.505,29.592,50.78,80.288,72921.1,1033.763,33.761,0.608,0.608,0.626,8.226,96.018,5.491,94.221,0,5.503,5.506,NA,13
"5/24/2022 8:26:00 AM",0.446,29.593,50.779,80.289,72920,1033.762,33.76,0.226,0.226,0.204,8.226,96.048,5.493,97.279,0,5.505,5.508,NA,13
"5/24/2022 8:26:00 AM",0.356,29.595,50.778,80.29,72918.6,1033.761,33.759,0.156,0.156,0.102,8.227,96.138,5.498,95.58,0,5.511,5.514,NA,13
"5/24/2022 8:26:00 AM",0.232,29.596,50.778,80.291,72917.9,1033.759,33.758,0.125,0.125,0.102,8.226,96.109,5.497,103.991,0,5.509,5.513,NA,13
"5/24/2022 8:26:00 AM",0.038,29.596,50.774,80.286,72913.5,1033.756,33.756,0.086,0.086,0.058,8.225,96.047,5.494,181.9,0,5.506,5.51,NA,13
"5/24/2022 8:26:00 AM",0,29.598,50.77,80.283,72907.7,1033.751,33.752,0,0,0,8.224,96.114,5.498,218.178,0,5.51,5.513,NA,13
"5/24/2022 8:26:01 AM",0,29.598,50.768,80.28,72905.7,1033.75,33.751,0,0,0,8.224,96.062,5.495,231.856,0,5.507,5.511,NA,13
"5/24/2022 8:26:01 AM",0,29.603,50.761,80.279,72896.5,1033.743,33.744,0.226,0.226,0.495,8.225,96.219,5.504,243.326,0,5.516,5.52,NA,13
"5/24/2022 8:26:01 AM",0,29.595,50.77,80.278,72908.7,1033.753,33.753,0.156,0.156,0.291,8.224,96.095,5.497,263.801,0,5.509,5.513,NA,13
"5/24/2022 8:26:01 AM",0,29.592,50.776,80.283,72916.5,1033.759,33.759,0,0,0,8.225,96.052,5.494,269.324,0,5.507,5.51,NA,13
"5/24/2022 8:26:01 AM",0,29.592,50.773,80.279,72912.3,1033.756,33.756,0.125,0.125,0.131,8.226,95.976,5.49,270.343,0,5.502,5.506,NA,13
"5/24/2022 8:26:02 AM",0,29.592,50.773,80.278,72912.9,1033.756,33.757,0.218,0.218,0.553,8.226,96.023,5.492,275.696,0,5.505,5.508,NA,13
"5/24/2022 8:26:02 AM",0,29.591,50.775,80.279,72915,1033.758,33.758,0.218,0.218,0.349,8.226,96.056,5.494,283.597,0,5.507,5.51,NA,13
"5/24/2022 8:26:02 AM",0,29.59,50.769,80.271,72908,1033.754,33.754,0,0,0,8.226,96.092,5.497,291.244,0,5.509,5.512,NA,13
"5/24/2022 8:26:02 AM",0,29.588,5.396,10.52,9555.8,999.798,0,106.106,106.106,185.319,8.226,96.024,7.05,298.465,0,7.071,7.07,NA,13
"5/24/2022 8:26:02 AM",0,29.579,3.253,6.562,5961.1,998.206,0,137.597,137.597,158.512,8.226,96.08,7.138,307.981,0,7.159,7.159,NA,13
"5/24/2022 8:26:03 AM",0,29.555,1.154,2.467,2242.5,996.647,0,56.056,56.056,53.1,8.224,96.174,7.227,308.83,0,7.248,7.248,NA,13
"5/24/2022 8:26:03 AM",0,29.481,0.732,1.596,1453.1,996.353,0,226.448,226.448,161.758,8.224,96.285,7.254,307.131,0,7.274,7.275,NA,13
"5/24/2022 8:26:03 AM",0,29.379,0.593,1.302,1187.5,996.279,0,334.496,334.496,252.684,8.223,96.207,7.252,308.66,0,7.273,7.273,NA,13
"5/24/2022 8:26:03 AM",0,29.299,0.525,1.156,1056.4,996.252,0,419.563,419.563,187.871,8.223,96.109,7.248,307.131,0,7.269,7.269,NA,13
"5/24/2022 8:26:03 AM",0,29.227,1.399,2.944,2693.5,996.928,0,448.075,448.075,331.429,8.22,96.191,7.219,298.805,0,7.239,7.239,NA,13
"5/24/2022 8:26:04 AM",0,29.324,49.282,77.846,71084.4,1032.722,32.722,159.517,159.517,76.69,8.219,96.208,5.548,299.825,0,5.561,5.564,NA,13
"5/24/2022 8:26:04 AM",0.088,29.534,49.519,78.473,71354.6,1032.827,32.827,46.344,46.344,22.747,8.218,96.141,5.537,300.674,0,5.55,5.553,NA,13
"5/24/2022 8:26:04 AM",0.335,29.586,50.383,79.736,72427.8,1033.464,33.463,7.762,7.762,5.779,8.22,96.099,5.508,150.804,0,5.521,5.524,NA,13
"5/24/2022 8:26:04 AM",0.561,29.592,50.781,80.289,72922.5,1033.765,33.762,2.878,2.878,2.536,8.221,95.923,5.486,89.208,0,5.498,5.502,NA,13
"5/24/2022 8:26:04 AM",0.799,29.593,50.781,80.292,72922.6,1033.765,33.762,1.24,1.24,1.092,8.222,95.818,5.48,90.228,0,5.492,5.496,NA,13
"5/24/2022 8:26:05 AM",1.046,29.594,50.747,80.246,72879.8,1033.74,33.735,0.686,0.686,0.539,8.222,95.773,5.478,91.842,0,5.491,5.494,NA,13
"5/24/2022 8:26:05 AM",1.424,29.597,50.791,80.311,72935.4,1033.775,33.769,0.484,0.484,0.291,8.223,95.565,5.465,84.281,0,5.477,5.481,NA,13
"5/24/2022 8:26:05 AM",1.662,29.596,50.811,80.338,72959.9,1033.791,33.784,0.328,0.328,0.189,8.224,95.476,5.459,81.137,0,5.471,5.475,NA,13
"5/24/2022 8:26:05 AM",1.871,29.596,50.818,80.347,72968.8,1033.797,33.789,0.226,0.226,0.102,8.224,95.377,5.453,68.733,0,5.465,5.469,NA,13
"5/24/2022 8:26:05 AM",2.071,29.597,50.822,80.355,72974.4,1033.801,33.792,0.179,0.179,0.029,8.224,95.256,5.446,53.27,0,5.458,5.462,NA,13
"5/24/2022 8:26:06 AM",2.243,29.598,50.83,80.366,72984.1,1033.807,33.798,0.094,0.094,0,8.225,95.028,5.433,43.16,0,5.445,5.449,NA,13
"5/24/2022 8:26:06 AM",2.488,29.598,50.846,80.388,73003.6,1033.82,33.809,0,0,0,8.225,95.008,5.431,29.991,0,5.443,5.447,NA,13
"5/24/2022 8:26:06 AM",2.655,29.598,50.85,80.394,73008.8,1033.824,33.813,0,0,0,8.225,95.006,5.431,25.063,0,5.443,5.446,NA,13
"5/24/2022 8:26:06 AM",2.814,29.598,50.857,80.403,73017.7,1033.83,33.818,1.139,1.139,2.434,8.226,94.902,5.425,31.945,0,5.437,5.441,NA,13
"5/24/2022 8:26:06 AM",2.929,29.598,50.862,80.41,73023.5,1033.834,33.821,0.608,0.608,1.209,8.226,94.949,5.427,50.636,0,5.439,5.443,NA,13
"5/24/2022 8:26:07 AM",2.981,29.598,50.866,80.415,73028.8,1033.837,33.825,0.25,0.25,0.393,8.226,94.943,5.427,72.726,0,5.439,5.442,NA,13
"5/24/2022 8:26:07 AM",2.955,29.598,50.867,80.418,73030.4,1033.838,33.826,0.14,0.14,0.131,8.226,94.72,5.414,74.085,0,5.426,5.43,NA,13
"5/24/2022 8:26:07 AM",2.875,29.598,50.867,80.417,73030.1,1033.838,33.826,0.117,0.117,0.087,8.226,94.775,5.417,70.772,0,5.43,5.433,NA,13
"5/24/2022 8:26:07 AM",2.804,29.598,50.868,80.418,73030.8,1033.838,33.826,0.109,0.109,0.087,8.226,94.903,5.425,67.883,0,5.437,5.44,NA,13
"5/24/2022 8:26:08 AM",2.738,29.598,50.868,80.419,73031.1,1033.838,33.826,0.094,0.094,0.058,8.227,95.086,5.435,63.465,0,5.448,5.451,NA,13
"5/24/2022 8:26:08 AM",2.639,29.598,50.867,80.418,73029.8,1033.836,33.825,0.101,0.101,0.087,8.227,95.168,5.44,58.028,0,5.452,5.456,NA,13
"5/24/2022 8:26:08 AM",2.604,29.598,50.868,80.419,73031.5,1033.837,33.826,0.094,0.094,0.073,8.228,95.214,5.443,57.008,0,5.455,5.458,NA,13
"5/24/2022 8:26:08 AM",2.568,29.598,50.867,80.417,73029.5,1033.836,33.825,0.078,0.078,0.044,8.228,95.378,5.452,54.799,0,5.464,5.468,NA,13
"5/24/2022 8:26:08 AM",2.549,29.598,50.867,80.418,73030.1,1033.836,33.825,0.086,0.086,0.058,8.229,95.252,5.445,54.12,0,5.457,5.46,NA,13
"5/24/2022 8:26:09 AM",2.505,29.598,50.865,80.414,73027.6,1033.835,33.824,0.101,0.101,0.073,8.229,95.315,5.448,53.865,0,5.461,5.464,NA,13
"5/24/2022 8:26:09 AM",2.477,29.597,50.864,80.412,73026.7,1033.834,33.824,0.101,0.101,0.16,8.229,95.313,5.448,52.081,0,5.461,5.464,NA,13
"5/24/2022 8:26:09 AM",2.43,29.596,50.864,80.411,73026.7,1033.834,33.824,0.156,0.156,0.102,8.229,95.443,5.456,49.702,0,5.468,5.472,NA,13
"5/24/2022 8:26:09 AM",2.368,29.597,50.864,80.412,73026.4,1033.834,33.824,0.125,0.125,0.116,8.229,95.444,5.456,46.473,0,5.468,5.472,NA,13
"5/24/2022 8:26:09 AM",2.3,29.597,50.864,80.412,73026.3,1033.833,33.824,0.094,0.094,0.087,8.229,95.503,5.459,43.585,0,5.472,5.475,NA,13
"5/24/2022 8:26:10 AM",2.175,29.596,50.863,80.409,73024.4,1033.832,33.823,0.078,0.078,0,8.23,95.613,5.465,39.167,0,5.478,5.481,NA,13
"5/24/2022 8:26:10 AM",2.081,29.596,50.862,80.407,73023.2,1033.831,33.822,0.086,0.086,0.029,8.231,95.522,5.46,36.958,0,5.472,5.476,NA,13
"5/24/2022 8:26:10 AM",1.961,29.597,50.861,80.407,73022.6,1033.83,33.822,0.086,0.086,0.044,8.23,95.612,5.465,34.919,0,5.478,5.481,NA,13
"5/24/2022 8:26:10 AM",1.834,29.597,50.859,80.405,73020.4,1033.828,33.82,0.078,0.078,0.087,8.231,95.53,5.461,32.965,0,5.473,5.476,NA,13
"5/24/2022 8:26:10 AM",1.697,29.597,50.859,80.405,73020,1033.827,33.82,0.086,0.086,0.073,8.231,95.521,5.46,31.265,0,5.472,5.476,NA,13
"5/24/2022 8:26:11 AM",1.629,29.598,50.857,80.403,73017,1033.825,33.818,0.086,0.086,0.029,8.232,95.665,5.468,32.37,0,5.481,5.484,NA,13
"5/24/2022 8:26:11 AM",1.572,29.598,50.856,80.403,73016,1033.824,33.817,0.078,0.078,0.044,8.233,95.537,5.461,33.814,0,5.473,5.477,NA,13
"5/24/2022 8:26:11 AM",1.49,29.597,50.857,80.402,73016.6,1033.824,33.818,0.094,0.094,0.058,8.233,95.542,5.461,34.324,0,5.473,5.477,NA,13
"5/24/2022 8:26:11 AM",1.416,29.596,50.854,80.397,73013.7,1033.822,33.816,0.094,0.094,0.087,8.233,95.613,5.465,34.494,0,5.478,5.481,NA,13
"5/24/2022 8:26:11 AM",1.36,29.597,50.858,80.402,73018,1033.825,33.819,0.086,0.086,0.073,8.233,95.669,5.468,35.004,0,5.481,5.484,NA,13
"5/24/2022 8:26:12 AM",1.308,29.597,50.855,80.399,73015.1,1033.823,33.817,0.07,0.07,0.073,8.233,95.729,5.472,35.428,0,5.484,5.488,NA,13
"5/24/2022 8:26:12 AM",1.254,29.597,50.854,80.398,73013.4,1033.821,33.816,0.07,0.07,0.029,8.232,95.626,5.466,36.363,0,5.478,5.482,NA,13
"5/24/2022 8:26:12 AM",1.192,29.597,50.854,80.397,73013.3,1033.821,33.816,0.07,0.07,0.058,8.232,95.634,5.466,38.827,0,5.479,5.482,NA,13
"5/24/2022 8:26:12 AM",1.155,29.597,50.853,80.396,73011.4,1033.82,33.815,0.07,0.07,0.044,8.233,95.648,5.467,41.121,0,5.479,5.483,NA,13
"5/24/2022 8:26:12 AM",1.152,29.597,50.853,80.397,73012.1,1033.82,33.815,0.07,0.07,0.044,8.234,95.615,5.465,42.565,0,5.478,5.481,NA,13
"5/24/2022 8:26:13 AM",1.152,29.597,50.851,80.394,73009.3,1033.818,33.813,0.047,0.047,0.058,8.234,95.531,5.46,42.48,0,5.473,5.476,NA,13
"5/24/2022 8:26:13 AM",1.159,29.597,50.85,80.392,73007.7,1033.817,33.813,0.047,0.047,0.015,8.232,95.595,5.464,41.631,0,5.476,5.48,NA,13
"5/24/2022 8:26:13 AM",1.157,29.598,50.85,80.393,73007.7,1033.817,33.812,0.062,0.062,0.058,8.23,95.705,5.47,39.422,0,5.483,5.486,NA,13
"5/24/2022 8:26:13 AM",1.129,29.597,50.848,80.39,73006,1033.816,33.811,0.047,0.047,0.029,8.23,95.67,5.468,34.664,0,5.481,5.484,NA,13
"5/24/2022 8:26:13 AM",1.096,29.598,50.847,80.389,73003.8,1033.815,33.81,0.07,0.07,0.058,8.231,95.596,5.464,36.278,0,5.476,5.48,NA,13
"5/24/2022 8:26:14 AM",1.063,29.597,50.843,80.383,72999.6,1033.812,33.808,0.062,0.062,0.058,8.23,95.656,5.467,49.192,0,5.48,5.483,NA,13
"5/24/2022 8:26:14 AM",1.056,29.595,50.843,80.379,73000.3,1033.813,33.809,0.117,0.117,0.189,8.23,95.537,5.461,59.047,0,5.473,5.476,NA,13
"5/24/2022 8:26:14 AM",1.091,29.592,50.846,80.379,73003.8,1033.816,33.812,0.07,0.07,0.058,8.229,95.511,5.459,59.557,0,5.471,5.475,NA,13
"5/24/2022 8:26:14 AM",1.101,29.592,50.845,80.377,73002.6,1033.816,33.811,0.086,0.086,0.044,8.229,95.524,5.46,47.068,0,5.472,5.476,NA,13
"5/24/2022 8:26:14 AM",1.039,29.592,50.846,80.379,73004,1033.816,33.812,0.125,0.125,0.087,8.228,95.576,5.463,25.233,0,5.475,5.479,NA,13
"5/24/2022 8:26:15 AM",0.908,29.592,50.848,80.382,73006.6,1033.817,33.813,0.109,0.109,0.116,8.229,95.606,5.465,10.11,0,5.477,5.481,NA,13
"5/24/2022 8:26:15 AM",0.723,29.593,50.836,80.367,72991.4,1033.807,33.804,0.125,0.125,0.204,8.231,95.364,5.451,5.607,0,5.464,5.467,NA,13
"5/24/2022 8:26:15 AM",0.552,29.592,50.841,80.372,72997.8,1033.811,33.808,0.094,0.094,0.131,8.229,95.845,5.479,5.437,0,5.491,5.495,NA,13
"5/24/2022 8:26:15 AM",0.474,29.591,50.842,80.372,72998.2,1033.811,33.809,0.094,0.094,0.116,8.232,95.838,5.478,9.855,0,5.491,5.494,NA,13
"5/24/2022 8:26:15 AM",0.373,29.592,50.832,80.358,72985.7,1033.803,33.801,0.078,0.078,0.131,8.233,95.834,5.479,34.409,0,5.491,5.495,NA,13
"5/24/2022 8:26:16 AM",0.314,29.592,50.841,80.371,72997,1033.809,33.808,0.421,0.421,0.131,8.234,95.757,5.474,77.314,0,5.487,5.49,NA,13
"5/24/2022 8:26:16 AM",0.33,29.592,50.841,80.373,72997.3,1033.809,33.808,0.351,0.351,2.186,8.234,95.918,5.484,107.39,0,5.497,5.5,NA,13
"5/24/2022 8:26:16 AM",0.311,29.593,50.84,80.371,72995.3,1033.808,33.806,0.133,0.133,0.408,8.233,96.116,5.498,121.748,0,5.51,5.513,NA,13
"5/24/2022 8:26:16 AM",0.278,29.593,50.835,80.366,72990.2,1033.804,33.803,0.094,0.094,0.189,8.232,96.107,5.499,127.78,0,5.511,5.515,NA,13
"5/24/2022 8:26:16 AM",0.26,29.592,50.838,80.367,72992.9,1033.806,33.805,0.062,0.062,0.087,8.232,96.049,5.496,134.917,0,5.509,5.512,NA,13
"5/24/2022 8:26:17 AM",0.252,29.592,50.836,80.364,72990.9,1033.805,33.804,0.047,0.047,0.029,8.233,96.013,5.495,132.028,0,5.508,5.511,NA,13
"5/24/2022 8:26:17 AM",0.259,29.591,50.838,80.366,72993.1,1033.807,33.806,0.07,0.07,0.175,8.233,95.975,5.493,133.133,0,5.506,5.509,NA,13
"5/24/2022 8:26:17 AM",0.224,29.591,50.836,80.363,72990.9,1033.805,33.804,0.094,0.094,0.087,8.234,96.047,5.498,127.44,0,5.51,5.514,NA,13
"5/24/2022 8:26:17 AM",0.151,29.592,50.835,80.364,72989.5,1033.804,33.803,0.047,0.047,0.015,8.234,96.137,5.503,136.021,0,5.516,5.519,NA,13
"5/24/2022 8:26:18 AM",0.075,29.591,50.84,80.369,72996.4,1033.808,33.808,0.008,0.008,0,8.234,96.068,5.499,172.214,0,5.511,5.515,NA,13
"5/24/2022 8:26:18 AM",0.016,29.59,51.243,80.92,73497.4,1034.113,34.113,0.218,0.218,0.51,8.234,96.121,5.49,227.269,0,5.502,5.505,NA,13
"5/24/2022 8:26:18 AM",0,29.883,48.179,77.113,69633,1031.689,31.689,56.009,56.009,147.082,8.235,96.217,5.588,237.889,0,5.602,5.605,NA,13
"5/24/2022 8:26:18 AM",0,30.095,49.333,79.02,71055.8,1032.486,32.486,108.15,108.15,206.393,8.236,96.121,5.548,243.326,0,5.56,5.564,NA,13
"5/24/2022 8:26:18 AM",0.014,29.893,50.586,80.463,72642.8,1033.507,33.507,50.728,50.728,68.715,8.238,96.181,5.513,252.927,0,5.525,5.529,NA,13
"5/24/2022 8:26:19 AM",0.015,29.761,50.679,80.398,72774.8,1033.625,33.625,14.057,14.057,19.03,8.238,96.198,5.511,251.652,0,5.523,5.527,NA,13
"5/24/2022 8:26:19 AM",0,29.656,50.769,80.367,72899.5,1033.73,33.73,2.098,2.098,3.485,8.238,96.23,5.51,268.304,0,5.522,5.526,NA,13
"5/24/2022 8:26:19 AM",0,29.622,50.792,80.348,72932.2,1033.76,33.76,3.073,3.073,4.069,8.238,96.333,5.515,284.107,0,5.528,5.531,NA,13
"5/24/2022 8:26:19 AM",0,29.606,49.827,79.001,71731.7,1033.035,33.035,12.895,12.895,3.353,8.236,96.262,5.54,295.662,0,5.553,5.556,NA,13
"5/24/2022 8:26:19 AM",0,29.597,3.712,7.425,6742.8,998.542,0,165.828,165.828,379.449,8.237,96.312,7.144,298.975,0,7.165,7.165,NA,13
"5/24/2022 8:26:20 AM",0,29.552,1.817,3.794,3448.4,997.143,0,434.151,434.151,674.522,8.236,96.292,7.218,290.649,0,7.239,7.239,NA,13
"5/24/2022 8:26:20 AM",0,29.419,1.81,3.769,3435,997.177,0,490.605,490.605,1019.374,8.236,96.233,7.214,306.536,0,7.234,7.234,NA,13
"5/24/2022 8:26:20 AM",0,29.328,1.391,2.933,2678.1,996.892,0,506.05,506.05,545.98,8.236,96.326,7.237,307.981,0,7.258,7.258,NA,13
"5/24/2022 8:26:20 AM",0,29.231,1.296,2.738,2504.9,996.849,0,242.447,242.447,211.092,8.235,96.247,7.235,302.628,0,7.256,7.256,NA,13
"5/24/2022 8:26:20 AM",0,29.13,1.177,2.494,2286,996.79,0,144.111,144.111,176.583,8.236,96.221,7.237,299.74,0,7.258,7.258,NA,13
"5/24/2022 8:26:21 AM",0.156,29.342,39.326,63.914,58340.3,1025.201,25.2,361.065,361.065,136.423,8.235,96.241,5.868,253.861,0,5.884,5.885,NA,13
"5/24/2022 8:26:21 AM",0.339,29.543,47.452,75.628,68756.9,1031.261,31.26,110.318,110.318,72.235,8.236,96.101,5.603,133.727,0,5.617,5.62,NA,13
"5/24/2022 8:26:21 AM",0.542,29.586,50.553,79.967,72639.3,1033.594,33.592,32.482,32.482,24.201,8.236,96.082,5.507,75.19,0,5.52,5.523,NA,13
"5/24/2022 8:26:21 AM",0.714,29.595,50.817,80.343,72967.2,1033.792,33.789,9.79,9.79,7.272,8.237,96.152,5.503,72.131,0,5.515,5.519,NA,13
"5/24/2022 8:26:21 AM",0.89,29.596,50.815,80.342,72964.7,1033.791,33.787,3.112,3.112,1.996,8.237,96.024,5.496,66.269,0,5.508,5.511,NA,13
"5/24/2022 8:26:22 AM",1.14,29.597,50.818,80.349,72968.6,1033.794,33.789,0.78,0.78,0.335,8.238,95.949,5.491,49.277,0,5.503,5.507,NA,13
"5/24/2022 8:26:22 AM",1.286,29.598,50.822,80.355,72974,1033.797,33.792,0.413,0.413,0.131,8.238,95.826,5.484,45.624,0,5.496,5.499,NA,13
"5/24/2022 8:26:22 AM",1.449,29.598,50.824,80.357,72975.6,1033.799,33.793,0.593,0.593,0.859,8.238,95.775,5.481,43.5,0,5.493,5.496,NA,13
"5/24/2022 8:26:22 AM",1.607,29.598,50.833,80.371,72987.8,1033.807,33.8,0.499,0.499,0.772,8.238,95.687,5.475,45.369,0,5.487,5.491,NA,13
"5/24/2022 8:26:22 AM",1.856,29.597,50.838,80.376,72993.6,1033.812,33.804,0.499,0.499,0.801,8.238,95.58,5.469,54.629,0,5.481,5.484,NA,13
"5/24/2022 8:26:23 AM",2.028,29.596,50.846,80.385,73003.3,1033.819,33.81,0.429,0.429,0.67,8.238,95.392,5.458,65.164,0,5.47,5.473,NA,13
"5/24/2022 8:26:23 AM",2.21,29.595,50.847,80.386,73005.3,1033.821,33.811,0.273,0.273,0.364,8.238,95.357,5.455,69.328,0,5.468,5.471,NA,13
"5/24/2022 8:26:23 AM",2.391,29.595,50.863,80.407,73025.3,1033.834,33.824,0.094,0.094,0,8.238,95.364,5.455,56.329,0,5.467,5.471,NA,13
"5/24/2022 8:26:23 AM",2.572,29.594,50.867,80.411,73030.4,1033.838,33.827,0.164,0.164,0.16,8.238,95.196,5.446,47.918,0,5.458,5.461,NA,13
"5/24/2022 8:26:23 AM",2.834,29.595,50.873,80.421,73038.6,1033.844,33.832,0.226,0.226,0.32,8.238,95.238,5.448,49.957,0,5.46,5.464,NA,13
"5/24/2022 8:26:24 AM",3.01,29.595,50.879,80.429,73045.8,1033.849,33.836,0.094,0.094,0,8.238,95.098,5.439,45.794,0,5.452,5.455,NA,13
"5/24/2022 8:26:24 AM",3.183,29.595,50.882,80.434,73049.4,1033.851,33.838,0,0,0,8.239,95.1,5.439,32.285,0,5.452,5.455,NA,13
"5/24/2022 8:26:24 AM",3.352,29.596,50.883,80.437,73050.8,1033.853,33.839,0,0,0,8.239,95.102,5.44,22.345,0,5.452,5.455,NA,13
"5/24/2022 8:26:24 AM",3.572,29.594,50.886,80.439,73055.2,1033.857,33.842,0,0,0,8.24,95.05,5.436,18.351,0,5.449,5.452,NA,13
"5/24/2022 8:26:24 AM",3.731,29.594,50.886,80.438,73054.4,1033.857,33.841,0,0,0,8.24,95.029,5.435,18.097,0,5.448,5.451,NA,13
"5/24/2022 8:26:25 AM",3.875,29.593,50.89,80.443,73060.4,1033.861,33.845,0.25,0.25,0.539,8.24,94.956,5.431,18.691,0,5.443,5.447,NA,13
"5/24/2022 8:26:25 AM",4.029,29.593,50.894,80.448,73064.3,1033.864,33.847,0.796,0.796,1.792,8.24,94.992,5.433,19.541,0,5.445,5.449,NA,13
"5/24/2022 8:26:25 AM",4.254,29.592,50.899,80.453,73070.9,1033.87,33.852,0.998,0.998,2.215,8.238,95.121,5.44,23.959,0,5.452,5.456,NA,13
"5/24/2022 8:26:25 AM",4.375,29.592,50.903,80.459,73076.1,1033.873,33.855,0.554,0.554,1.107,8.239,95.241,5.447,36.108,0,5.459,5.463,NA,13
"5/24/2022 8:26:25 AM",4.509,29.593,50.904,80.462,73078.3,1033.875,33.856,0.265,0.265,0.451,8.239,95.222,5.446,50.381,0,5.458,5.461,NA,13
"5/24/2022 8:26:26 AM",4.66,29.593,50.903,80.461,73077,1033.875,33.855,0.14,0.14,0.189,8.24,95.276,5.449,56.583,0,5.461,5.465,NA,13
"5/24/2022 8:26:26 AM",4.731,29.592,50.901,80.456,73073.6,1033.873,33.853,0.117,0.117,0.116,8.239,95.196,5.444,57.773,0,5.456,5.46,NA,13
"5/24/2022 8:26:26 AM",4.745,29.591,50.9,80.454,73072.9,1033.873,33.853,0.094,0.094,0.073,8.239,95.261,5.448,54.544,0,5.46,5.464,NA,13
"5/24/2022 8:26:26 AM",4.745,29.592,50.899,80.453,73071.7,1033.872,33.852,0.101,0.101,0.087,8.241,95.15,5.442,52.42,0,5.454,5.458,NA,13
"5/24/2022 8:26:26 AM",4.75,29.592,50.898,80.453,73070.6,1033.871,33.851,0.109,0.109,0.087,8.241,95.2,5.445,50.976,0,5.457,5.46,NA,13
"5/24/2022 8:26:27 AM",4.757,29.592,50.896,80.45,73068.4,1033.87,33.85,0.094,0.094,0.073,8.241,95.101,5.439,49.957,0,5.452,5.455,NA,13
"5/24/2022 8:26:27 AM",4.766,29.592,50.898,80.452,73069.8,1033.871,33.851,0.086,0.086,0.073,8.242,95.2,5.445,48.512,0,5.457,5.46,NA,13
"5/24/2022 8:26:27 AM",4.785,29.592,50.897,80.452,73069.6,1033.871,33.851,0.094,0.094,0.073,8.241,95.133,5.441,46.473,0,5.453,5.457,NA,13
"5/24/2022 8:26:27 AM",4.809,29.592,50.896,80.45,73068.1,1033.87,33.85,0.078,0.078,0.073,8.24,95.124,5.44,46.218,0,5.453,5.456,NA,13
"5/24/2022 8:26:27 AM",4.837,29.592,50.896,80.45,73068.6,1033.871,33.85,0.086,0.086,0.073,8.238,95.081,5.438,45.879,0,5.45,5.454,NA,13
"5/24/2022 8:26:28 AM",4.856,29.591,50.899,80.453,73071.8,1033.873,33.852,0.133,0.133,0.146,8.238,95.047,5.436,45.114,0,5.448,5.452,NA,13
"5/24/2022 8:26:28 AM",4.865,29.592,50.898,80.452,73070.6,1033.872,33.851,0.101,0.101,0.087,8.238,95.227,5.446,43.755,0,5.459,5.462,NA,13
"5/24/2022 8:26:28 AM",4.849,29.592,50.898,80.453,73070.4,1033.872,33.851,0.094,0.094,0.073,8.238,95.19,5.444,41.461,0,5.456,5.46,NA,13
"5/24/2022 8:26:28 AM",4.82,29.593,50.897,80.452,73069.2,1033.871,33.85,0.086,0.086,0.087,8.238,95.13,5.441,39.761,0,5.453,5.456,NA,13
"5/24/2022 8:26:29 AM",4.792,29.593,50.898,80.454,73070.3,1033.871,33.851,0.101,0.101,0.116,8.239,95.195,5.444,38.317,0,5.456,5.46,NA,13
"5/24/2022 8:26:29 AM",4.747,29.593,50.898,80.453,73070.1,1033.871,33.851,0.094,0.094,0.073,8.239,95.257,5.448,36.958,0,5.46,5.463,NA,13
"5/24/2022 8:26:29 AM",4.641,29.593,50.898,80.453,73069.9,1033.87,33.851,0.086,0.086,0.029,8.24,95.244,5.447,35.089,0,5.459,5.463,NA,13
"5/24/2022 8:26:29 AM",4.533,29.593,50.898,80.453,73069.8,1033.87,33.851,0.055,0.055,0.044,8.241,95.271,5.448,33.899,0,5.461,5.464,NA,13
"5/24/2022 8:26:29 AM",4.408,29.593,50.896,80.451,73067.5,1033.868,33.849,0.07,0.07,0.058,8.241,95.433,5.458,32.795,0,5.47,5.473,NA,13
"5/24/2022 8:26:30 AM",4.274,29.593,50.897,80.453,73069.1,1033.868,33.85,0.078,0.078,0.073,8.241,95.419,5.457,31.945,0,5.469,5.473,NA,13
"5/24/2022 8:26:30 AM",4.085,29.594,50.895,80.45,73065.7,1033.865,33.848,0.101,0.101,0.087,8.241,95.485,5.461,31.265,0,5.473,5.477,NA,13
"5/24/2022 8:26:30 AM",3.995,29.593,50.898,80.454,73069.7,1033.867,33.851,0.086,0.086,0.058,8.242,95.503,5.462,31.52,0,5.474,5.478,NA,13
"5/24/2022 8:26:30 AM",3.91,29.593,50.898,80.454,73069.6,1033.867,33.85,0.086,0.086,0.044,8.242,95.38,5.455,31.69,0,5.467,5.47,NA,13
"5/24/2022 8:26:30 AM",3.838,29.593,50.898,80.454,73070,1033.867,33.851,0.062,0.062,0.029,8.242,95.468,5.46,31.435,0,5.472,5.476,NA,13
"5/24/2022 8:26:31 AM",3.771,29.594,50.898,80.454,73069.6,1033.866,33.85,0.07,0.07,0.029,8.243,95.352,5.453,30.926,0,5.465,5.469,NA,13
"5/24/2022 8:26:31 AM",3.682,29.594,50.9,80.456,73071.6,1033.867,33.852,0.086,0.086,0.073,8.243,95.392,5.455,29.991,0,5.467,5.471,NA,13
"5/24/2022 8:26:31 AM",3.647,29.594,50.9,80.457,73072.7,1033.868,33.852,0.062,0.062,0.044,8.243,95.404,5.456,29.396,0,5.468,5.472,NA,13
"5/24/2022 8:26:31 AM",3.611,29.594,50.901,80.459,73073.5,1033.868,33.853,0.047,0.047,0.029,8.244,95.384,5.455,29.056,0,5.467,5.47,NA,13
"5/24/2022 8:26:31 AM",3.585,29.595,50.9,80.459,73071.4,1033.866,33.851,0.07,0.07,0.029,8.243,95.41,5.456,28.802,0,5.468,5.472,NA,13
"5/24/2022 8:26:32 AM",3.536,29.595,50.899,80.457,73070.4,1033.866,33.851,0.094,0.094,0.073,8.244,95.346,5.452,27.952,0,5.465,5.468,NA,13
"5/24/2022 8:26:32 AM",3.461,29.596,50.899,80.459,73070.3,1033.865,33.85,0.078,0.078,0.073,8.243,95.211,5.445,26.338,0,5.457,5.46,NA,13
"5/24/2022 8:26:32 AM",3.418,29.596,50.898,80.457,73069.1,1033.864,33.85,0.078,0.078,0.058,8.244,95.268,5.448,25.488,0,5.46,5.464,NA,13
"5/24/2022 8:26:32 AM",3.369,29.596,50.895,80.453,73065.5,1033.862,33.847,0.062,0.062,0.087,8.245,95.277,5.448,24.723,0,5.461,5.464,NA,13
"5/24/2022 8:26:32 AM",3.329,29.595,50.895,80.452,73065.1,1033.862,33.847,0.055,0.055,0.058,8.245,95.22,5.445,24.129,0,5.457,5.461,NA,13
"5/24/2022 8:26:33 AM",3.26,29.595,50.896,80.454,73067.3,1033.863,33.849,0.055,0.055,0.044,8.245,95.255,5.447,24.553,0,5.459,5.463,NA,13
"5/24/2022 8:26:33 AM",3.209,29.596,50.896,80.454,73066.3,1033.862,33.848,0.062,0.062,0.058,8.245,95.168,5.442,24.553,0,5.454,5.458,NA,13
"5/24/2022 8:26:33 AM",3.178,29.596,50.896,80.455,73066.8,1033.862,33.848,0.086,0.086,0.131,8.245,95.168,5.442,24.299,0,5.455,5.458,NA,13
"5/24/2022 8:26:33 AM",3.138,29.597,50.896,80.456,73066.5,1033.861,33.848,0.101,0.101,0.146,8.245,95.179,5.443,24.384,0,5.455,5.458,NA,13
"5/24/2022 8:26:33 AM",3.095,29.598,50.896,80.457,73066.3,1033.861,33.847,0.078,0.078,0.102,8.245,95.236,5.446,24.553,0,5.458,5.462,NA,13
"5/24/2022 8:26:34 AM",3.056,29.599,50.89,80.45,73058.5,1033.855,33.842,0.094,0.094,0.116,8.245,95.226,5.445,24.553,0,5.458,5.461,NA,13
"5/24/2022 8:26:34 AM",2.994,29.598,50.89,80.45,73058.8,1033.855,33.843,0.148,0.148,0.131,8.244,95.144,5.441,25.148,0,5.453,5.457,NA,13
"5/24/2022 8:26:34 AM",2.928,29.599,50.89,80.45,73058.3,1033.855,33.842,0.101,0.101,0.102,8.244,95.089,5.437,25.828,0,5.45,5.453,NA,13
"5/24/2022 8:26:34 AM",2.862,29.599,50.889,80.449,73058,1033.854,33.842,0.094,0.094,0.116,8.244,95.213,5.445,26.423,0,5.457,5.461,NA,13
"5/24/2022 8:26:34 AM",2.805,29.599,50.889,80.449,73057.6,1033.854,33.842,0.086,0.086,0.058,8.246,95.221,5.445,27.612,0,5.457,5.461,NA,13
"5/24/2022 8:26:35 AM",2.789,29.599,50.888,80.449,73056.6,1033.853,33.841,0.07,0.07,0.044,8.246,95.189,5.443,27.782,0,5.455,5.459,NA,13
"5/24/2022 8:26:35 AM",2.766,29.598,50.891,80.451,73060.2,1033.855,33.844,0.062,0.062,0.029,8.246,95.252,5.447,27.867,0,5.459,5.463,NA,13
"5/24/2022 8:26:35 AM",2.761,29.599,50.889,80.449,73057.3,1033.854,33.842,0.062,0.062,0.058,8.246,95.331,5.452,27.952,0,5.464,5.467,NA,13
"5/24/2022 8:26:35 AM",2.747,29.6,50.887,80.447,73055,1033.852,33.84,0.062,0.062,0.044,8.246,95.312,5.45,28.462,0,5.463,5.466,NA,13
"5/24/2022 8:26:35 AM",2.723,29.6,50.888,80.449,73056.4,1033.853,33.841,0.062,0.062,0.058,8.247,95.289,5.449,29.821,0,5.461,5.464,NA,13
"5/24/2022 8:26:36 AM",2.733,29.599,50.888,80.448,73056,1033.853,33.841,0.062,0.062,0.029,8.247,95.361,5.453,30.586,0,5.465,5.469,NA,13
"5/24/2022 8:26:36 AM",2.718,29.599,50.889,80.449,73057,1033.853,33.842,0.273,0.273,0.204,8.248,95.448,5.458,30.926,0,5.47,5.474,NA,13
"5/24/2022 8:26:36 AM",2.697,29.599,50.888,80.448,73055.5,1033.852,33.841,0.164,0.164,0.131,8.247,95.542,5.463,31.52,0,5.476,5.479,NA,13
"5/24/2022 8:26:36 AM",2.652,29.598,50.887,80.446,73055.4,1033.852,33.841,0.07,0.07,0.058,8.247,95.386,5.454,31.435,0,5.467,5.47,NA,13
"5/24/2022 8:26:36 AM",2.622,29.597,50.888,80.445,73056.3,1033.853,33.842,0.047,0.047,0.058,8.248,95.404,5.456,31.35,0,5.468,5.471,NA,13
"5/24/2022 8:26:37 AM",2.591,29.598,50.887,80.444,73054.7,1033.852,33.841,0.055,0.055,0.073,8.248,95.5,5.461,30.586,0,5.473,5.477,NA,13
"5/24/2022 8:26:37 AM",2.561,29.597,50.887,80.444,73055.6,1033.852,33.841,0.078,0.078,0.058,8.248,95.621,5.468,29.396,0,5.48,5.483,NA,13
"5/24/2022 8:26:37 AM",2.518,29.598,50.888,80.446,73055.8,1033.852,33.841,0.062,0.062,0.073,8.248,95.58,5.465,29.056,0,5.478,5.481,NA,13
"5/24/2022 8:26:37 AM",2.448,29.598,50.888,80.447,73056.5,1033.852,33.842,0.086,0.086,0.073,8.248,95.546,5.463,28.547,0,5.476,5.479,NA,13
"5/24/2022 8:26:37 AM",2.393,29.599,50.888,80.448,73056.6,1033.852,33.842,0.086,0.086,0.087,8.248,95.676,5.471,27.527,0,5.483,5.487,NA,13
"5/24/2022 8:26:38 AM",2.332,29.598,50.887,80.446,73055,1033.851,33.841,0.101,0.101,0.116,8.248,95.631,5.468,27.272,0,5.481,5.484,NA,13
"5/24/2022 8:26:38 AM",2.262,29.599,50.886,80.445,73053.9,1033.85,33.84,0.086,0.086,0.131,8.249,95.639,5.469,26.678,0,5.481,5.485,NA,13
"5/24/2022 8:26:38 AM",2.181,29.598,50.887,80.446,73055.1,1033.85,33.841,0.078,0.078,0.131,8.249,95.64,5.469,25.913,0,5.481,5.485,NA,13
"5/24/2022 8:26:38 AM",2.073,29.598,50.886,80.443,73053.3,1033.849,33.84,0.07,0.07,0.073,8.25,95.693,5.472,25.233,0,5.484,5.488,NA,13
"5/24/2022 8:26:39 AM",1.981,29.598,50.887,80.445,73054.3,1033.849,33.84,0.078,0.078,0.073,8.251,95.779,5.477,25.488,0,5.489,5.493,NA,13
"5/24/2022 8:26:39 AM",1.931,29.599,50.887,80.446,73054.8,1033.849,33.841,0.078,0.078,0.044,8.252,95.672,5.471,26.847,0,5.483,5.486,NA,13
"5/24/2022 8:26:39 AM",1.87,29.599,50.886,80.444,73053,1033.847,33.839,0.164,0.164,0.218,8.252,95.788,5.478,30.331,0,5.49,5.493,NA,13
"5/24/2022 8:26:39 AM",1.832,29.599,50.885,80.443,73051.9,1033.847,33.839,0.094,0.094,0.073,8.252,95.716,5.473,35.938,0,5.486,5.489,NA,13
"5/24/2022 8:26:39 AM",1.833,29.598,50.884,80.44,73051.3,1033.847,33.839,0.062,0.062,0.058,8.253,95.779,5.477,38.232,0,5.489,5.493,NA,13
"5/24/2022 8:26:40 AM",1.84,29.597,50.885,80.44,73052.4,1033.847,33.84,0.047,0.047,0.044,8.252,95.766,5.476,38.062,0,5.488,5.492,NA,13
"5/24/2022 8:26:40 AM",1.877,29.597,50.885,80.441,73051.9,1033.847,33.839,0.055,0.055,0.044,8.252,95.803,5.478,37.552,0,5.491,5.494,NA,13
"5/24/2022 8:26:40 AM",1.924,29.597,50.885,80.44,73052.6,1033.848,33.84,0.062,0.062,0.044,8.252,95.836,5.48,39.252,0,5.492,5.496,NA,13
"5/24/2022 8:26:40 AM",1.946,29.597,50.885,80.44,73052.6,1033.848,33.84,0.055,0.055,0.044,8.252,95.865,5.482,40.101,0,5.494,5.498,NA,13
"5/24/2022 8:26:40 AM",1.962,29.597,50.886,80.441,73053.1,1033.848,33.84,0.055,0.055,0.102,8.252,95.888,5.483,39.676,0,5.495,5.499,NA,13
"5/24/2022 8:26:41 AM",1.979,29.597,50.886,80.441,73053.7,1033.849,33.841,0.039,0.039,0.058,8.253,95.969,5.488,39.167,0,5.5,5.504,NA,13
"5/24/2022 8:26:41 AM",1.976,29.596,50.887,80.442,73055.4,1033.85,33.842,0.062,0.062,0.029,8.254,95.787,5.477,38.657,0,5.49,5.493,NA,13
"5/24/2022 8:26:41 AM",1.971,29.596,50.887,80.442,73054.9,1033.85,33.841,0.07,0.07,0.044,8.254,95.967,5.488,36.533,0,5.5,5.503,NA,13
"5/24/2022 8:26:41 AM",1.943,29.597,50.887,80.443,73054.7,1033.849,33.841,0.078,0.078,0.087,8.254,95.949,5.487,35.258,0,5.499,5.502,NA,13
"5/24/2022 8:26:41 AM",1.892,29.597,50.886,80.44,73052.9,1033.848,33.84,0.07,0.07,0.073,8.251,95.897,5.484,34.664,0,5.496,5.499,NA,13
"5/24/2022 8:26:42 AM",1.816,29.597,50.888,80.443,73055.4,1033.849,33.842,0.07,0.07,0.073,8.25,96.107,5.496,32.54,0,5.508,5.512,NA,13
"5/24/2022 8:26:42 AM",1.675,29.596,50.886,80.44,73053.5,1033.848,33.841,0.101,0.101,0.087,8.249,96.035,5.492,29.906,0,5.504,5.507,NA,13
"5/24/2022 8:26:42 AM",1.573,29.596,50.887,80.441,73054.1,1033.848,33.841,0.07,0.07,0.087,8.248,96.08,5.494,28.037,0,5.507,5.51,NA,13
"5/24/2022 8:26:42 AM",1.451,29.596,50.884,80.438,73051.4,1033.846,33.839,0.07,0.07,0.073,8.248,95.99,5.489,28.377,0,5.501,5.505,NA,13
"5/24/2022 8:26:42 AM",1.345,29.596,50.883,80.437,73049.7,1033.844,33.838,0.094,0.094,0.087,8.248,95.971,5.488,26.847,0,5.501,5.504,NA,13
"5/24/2022 8:26:43 AM",1.224,29.595,50.882,80.432,73048,1033.843,33.838,0.086,0.086,0.146,8.249,96.045,5.492,23.194,0,5.505,5.508,NA,13
"5/24/2022 8:26:43 AM",1.052,29.594,50.879,80.427,73044.1,1033.84,33.836,0.078,0.078,0.044,8.249,96.201,5.502,21.835,0,5.514,5.517,NA,13
"5/24/2022 8:26:43 AM",0.959,29.594,50.877,80.425,73042.7,1033.839,33.835,0.086,0.086,0.044,8.249,96.009,5.49,21.665,0,5.503,5.506,NA,13
"5/24/2022 8:26:43 AM",0.862,29.594,50.875,80.422,73040.2,1033.837,33.833,0.078,0.078,0.073,8.25,95.995,5.49,19.116,0,5.502,5.506,NA,13
"5/24/2022 8:26:43 AM",0.833,29.594,50.875,80.422,73040,1033.837,33.833,0.101,0.101,0.131,8.25,96.204,5.502,16.652,0,5.514,5.518,NA,13
"5/24/2022 8:26:44 AM",0.81,29.594,50.873,80.419,73037.5,1033.835,33.832,0.078,0.078,0.087,8.249,96.183,5.501,17.247,0,5.513,5.516,NA,13
"5/24/2022 8:26:44 AM",0.777,29.594,50.871,80.417,73035.2,1033.834,33.83,0.07,0.07,0.073,8.25,96.158,5.499,18.946,0,5.512,5.515,NA,13
"5/24/2022 8:26:44 AM",0.753,29.594,50.871,80.416,73034,1033.833,33.829,0.078,0.078,0.058,8.25,96.128,5.497,21.92,0,5.51,5.513,NA,13
"5/24/2022 8:26:44 AM",0.739,29.595,50.87,80.415,73032.9,1033.832,33.829,0.055,0.055,0.029,8.25,96.071,5.494,32.54,0,5.507,5.51,NA,13
"5/24/2022 8:26:44 AM",0.751,29.593,50.872,80.416,73035.7,1033.834,33.831,0.031,0.031,0,8.25,96.133,5.498,52.505,0,5.51,5.514,NA,13
"5/24/2022 8:26:45 AM",0.836,29.594,50.87,80.414,73033.3,1033.833,33.829,0.055,0.055,0.044,8.251,96.111,5.497,69.752,0,5.509,5.513,NA,13
"5/24/2022 8:26:45 AM",0.822,29.594,50.869,80.412,73031.8,1033.832,33.828,0.086,0.086,0.087,8.251,96.211,5.503,80.627,0,5.515,5.519,NA,13
"5/24/2022 8:26:45 AM",0.827,29.594,50.866,80.409,73028.8,1033.83,33.827,0.125,0.125,0.131,8.251,96.237,5.505,97.364,0,5.517,5.52,NA,13
"5/24/2022 8:26:45 AM",0.827,29.593,50.867,80.409,73029.7,1033.831,33.827,0.094,0.094,0.116,8.251,96.3,5.508,107.475,0,5.521,5.524,NA,13
"5/24/2022 8:26:45 AM",0.796,29.592,50.867,80.408,73030,1033.831,33.828,0.296,0.296,0.481,8.251,96.206,5.503,112.063,0,5.515,5.519,NA,13
"5/24/2022 8:26:46 AM",0.798,29.592,50.867,80.408,73030.3,1033.831,33.828,0.585,0.585,0.189,8.251,96.316,5.509,115.971,0,5.522,5.525,NA,13
"5/24/2022 8:26:46 AM",0.768,29.592,50.868,80.408,73030.7,1033.831,33.828,0.218,0.218,0.408,8.251,96.294,5.508,116.311,0,5.52,5.524,NA,13
"5/24/2022 8:26:46 AM",0.746,29.592,50.867,80.408,73029.9,1033.831,33.828,6.459,6.459,0.597,8.251,96.32,5.51,109.769,0,5.522,5.525,NA,13
"5/24/2022 8:26:46 AM",0.694,29.592,50.867,80.408,73029.2,1033.83,33.827,1.997,1.997,1.894,8.251,96.223,5.504,107.645,0,5.516,5.52,NA,13
"5/24/2022 8:26:46 AM",0.572,29.593,50.864,80.405,73025.7,1033.827,33.825,0.335,0.335,0.306,8.253,96.167,5.501,72.726,0,5.514,5.517,NA,13
"5/24/2022 8:26:47 AM",0.527,29.592,50.86,80.398,73020.5,1033.824,33.822,0.148,0.148,0.146,8.253,96.196,5.503,49.192,0,5.516,5.519,NA,13
"5/24/2022 8:26:47 AM",0.518,29.591,50.86,80.396,73020.5,1033.825,33.822,0.086,0.086,0.058,8.254,96.235,5.506,48.003,0,5.518,5.521,NA,13
"5/24/2022 8:26:47 AM",0.52,29.59,50.859,80.395,73020.5,1033.825,33.822,0.07,0.07,0.087,8.254,96.278,5.508,47.663,0,5.52,5.524,NA,13
"5/24/2022 8:26:47 AM",0.562,29.59,50.859,80.393,73019.8,1033.825,33.822,0.07,0.07,0.073,8.254,96.367,5.513,36.788,0,5.526,5.529,NA,13
"5/24/2022 8:26:47 AM",0.633,29.59,50.865,80.402,73027.6,1033.829,33.827,0.086,0.086,0.087,8.255,96.186,5.503,36.193,0,5.515,5.519,NA,13
"5/24/2022 8:26:48 AM",0.662,29.591,50.862,80.4,73024.1,1033.827,33.824,0.086,0.086,0.087,8.255,96.213,5.504,40.271,0,5.517,5.52,NA,13
"5/24/2022 8:26:48 AM",0.65,29.592,50.862,80.4,73023.6,1033.827,33.824,0.117,0.117,0.102,8.255,96.261,5.507,45.794,0,5.52,5.523,NA,13
"5/24/2022 8:26:48 AM",0.657,29.592,50.861,80.4,73022.3,1033.826,33.823,0.086,0.086,0.087,8.255,96.085,5.497,100.763,0,5.51,5.513,NA,13
"5/24/2022 8:26:48 AM",0.716,29.592,50.861,80.399,73022.5,1033.826,33.823,0.078,0.078,0.073,8.255,96.092,5.498,118.519,0,5.51,5.513,NA,13
"5/24/2022 8:26:49 AM",0.695,29.592,50.864,80.403,73025.9,1033.828,33.825,0.078,0.078,0.044,8.255,96.233,5.506,121.663,0,5.518,5.522,NA,13
"5/24/2022 8:26:49 AM",0.671,29.592,50.863,80.403,73025.2,1033.828,33.825,0.062,0.062,0.058,8.255,96.173,5.502,120.049,0,5.515,5.518,NA,13
"5/24/2022 8:26:49 AM",0.629,29.592,50.863,80.401,73024.6,1033.827,33.825,0.078,0.078,0.073,8.256,96.165,5.502,115.546,0,5.514,5.518,NA,13
"5/24/2022 8:26:49 AM",0.57,29.593,50.863,80.403,73025,1033.827,33.825,0.078,0.078,0.073,8.256,96.227,5.506,114.356,0,5.518,5.521,NA,13
"5/24/2022 8:26:49 AM",0.47,29.593,50.862,80.402,73023.5,1033.826,33.824,0.086,0.086,0.087,8.256,96.178,5.502,128.375,0,5.515,5.518,NA,13
"5/24/2022 8:26:50 AM",0.391,29.593,50.856,80.394,73016,1033.821,33.819,0.086,0.086,0.116,8.256,96.194,5.503,152.419,0,5.516,5.519,NA,13
"5/24/2022 8:26:50 AM",0.325,29.593,50.856,80.394,73016.2,1033.821,33.819,0.086,0.086,0.116,8.256,96.084,5.497,150.465,0,5.51,5.513,NA,13
"5/24/2022 8:26:50 AM",0.225,29.591,50.858,80.394,73019,1033.822,33.821,0.117,0.117,0.146,8.257,96.141,5.5,137.72,0,5.513,5.516,NA,13
"5/24/2022 8:26:50 AM",0.133,29.59,50.857,80.39,73017.5,1033.822,33.821,0.078,0.078,0.029,8.257,96.283,5.509,168.476,0,5.521,5.525,NA,13
"5/24/2022 8:26:50 AM",0.105,29.59,50.857,80.39,73016.7,1033.821,33.82,0.086,0.086,0.087,8.257,96.277,5.509,194.814,0,5.521,5.525,NA,13
"5/24/2022 8:26:51 AM",0.11,29.59,50.855,80.388,73015,1033.82,33.819,0.086,0.086,0.058,8.256,96.234,5.506,212.231,0,5.519,5.522,NA,13
"5/24/2022 8:26:51 AM",0.121,29.59,50.857,80.39,73016.7,1033.821,33.82,0.094,0.094,0.102,8.256,96.327,5.511,161,0,5.524,5.527,NA,13
"5/24/2022 8:26:51 AM",0.11,29.59,50.855,80.388,73014.7,1033.82,33.819,0.094,0.094,0.131,8.256,96.327,5.511,165.078,0,5.524,5.527,NA,13
"5/24/2022 8:26:51 AM",0.058,29.591,50.853,80.386,73011.6,1033.817,33.817,0.078,0.078,0.116,8.257,96.267,5.508,191.925,0,5.521,5.524,NA,13
"5/24/2022 8:26:51 AM",0,29.592,50.85,80.383,73008.3,1033.815,33.815,0.07,0.07,0.058,8.257,96.281,5.509,209.512,0,5.521,5.525,NA,13
"5/24/2022 8:26:52 AM",0,29.591,50.85,80.382,73008.1,1033.815,33.815,0.047,0.047,0.029,8.257,96.262,5.508,232.536,0,5.52,5.524,NA,13
"5/24/2022 8:26:52 AM",0,29.59,50.849,80.378,73006.8,1033.814,33.814,0.055,0.055,0.058,8.257,96.242,5.506,233.471,0,5.519,5.522,NA,13
"5/24/2022 8:26:52 AM",0,29.589,50.847,80.375,73005.1,1033.813,33.814,0.047,0.047,0.058,8.256,96.251,5.507,230.072,0,5.519,5.523,NA,13
"5/24/2022 8:26:52 AM",0,29.589,50.842,80.369,72999.1,1033.809,33.81,0.055,0.055,0.015,8.256,96.33,5.512,238.313,0,5.524,5.528,NA,13
"5/24/2022 8:26:52 AM",0,29.588,34.378,57.003,51776.3,1021.399,21.4,0.055,0.055,0.058,8.255,96.361,6.036,239.758,0,6.053,6.054,NA,13
"5/24/2022 8:26:53 AM",0,29.58,2.352,4.839,4396.3,997.534,0,23.059,23.059,193.785,8.254,96.429,7.205,239.418,0,7.226,7.226,NA,13
"5/24/2022 8:26:53 AM",0,29.528,1.583,3.329,3027.4,996.976,0,353.904,353.904,360.836,8.253,96.407,7.233,236.274,0,7.254,7.254,NA,13
"5/24/2022 8:26:53 AM",0,29.232,1.028,2.197,2009.4,996.648,0,407.932,407.932,541.397,8.251,96.373,7.254,230.157,0,7.275,7.275,NA,13
"5/24/2022 8:26:53 AM",0,29.084,0.868,1.864,1710.8,996.573,0,203.81,203.81,178,8.249,96.427,7.263,229.308,0,7.284,7.284,NA,13
"5/24/2022 8:26:53 AM",0,28.954,0.775,1.67,1535.9,996.541,0,192.764,192.764,130.072,8.248,96.296,7.257,225.739,0,7.278,7.278,NA,13
"5/24/2022 8:26:54 AM",0,28.806,0.699,1.508,1391.9,996.528,0,162.895,162.895,53.646,8.247,96.345,7.263,230.072,0,7.284,7.284,NA,13
"5/24/2022 8:26:54 AM",0,28.792,0.626,1.356,1251.8,996.477,0,222.821,222.821,3.003,8.243,96.318,7.265,220.132,0,7.286,7.286,NA,13
"5/24/2022 8:26:54 AM",0,28.783,0.581,1.261,1164.4,996.446,0,144.228,144.228,22.184,8.242,96.426,7.275,219.112,0,7.296,7.296,NA,13
"5/24/2022 8:26:54 AM",0,28.786,0.585,1.27,1172.2,996.448,0,63.584,63.584,19.371,8.242,96.298,7.265,220.897,0,7.285,7.286,NA,13
"5/24/2022 8:26:54 AM",0,28.803,0.522,1.139,1051.3,996.396,0,85.855,85.855,24.899,8.246,96.576,7.289,228.883,0,7.31,7.31,NA,13
"5/24/2022 8:26:55 AM",0,28.821,0.501,1.095,1009.7,996.375,0,429.299,429.299,136.198,8.247,96.349,7.272,222.936,0,7.293,7.293,NA,13
"5/24/2022 8:26:55 AM",0,28.781,0.476,1.041,961.2,996.368,0,137.317,137.317,254.816,8.249,96.39,7.277,223.275,0,7.298,7.298,NA,13
"5/24/2022 8:26:55 AM",0,28.745,0.464,1.015,938.1,996.369,0,181.523,181.523,87.166,8.249,96.486,7.284,222.511,0,7.305,7.305,NA,13
"5/24/2022 8:26:55 AM",0,28.708,0.45,0.985,911.2,996.37,0,80.004,80.004,27.933,8.25,96.478,7.283,218.857,0,7.304,7.304,NA,13
"5/24/2022 8:26:55 AM",0,28.695,0.435,0.953,881.1,996.362,0,193.217,193.217,101.357,8.25,96.4,7.278,230.157,0,7.299,7.299,NA,13
"5/24/2022 8:26:56 AM",0,28.684,0.419,0.919,849.7,996.353,0,506.05,506.05,174.213,8.249,96.49,7.286,232.111,0,7.307,7.308,NA,13
"5/24/2022 8:26:56 AM",0,28.643,0.397,0.872,807.5,996.349,0,229.779,229.779,98.846,8.248,96.446,7.284,246.385,0,7.305,7.305,NA,13
"5/24/2022 8:26:56 AM",0,28.61,0.376,0.826,765.4,996.343,0,251.145,251.145,99.615,8.246,96.221,7.268,246.979,0,7.289,7.289,NA,13
"5/24/2022 8:26:56 AM",0,28.58,0.387,0.848,786.3,996.359,0,91.979,91.979,77.787,8.244,96.243,7.27,858.523,0,7.29,7.291,NA,13
"5/24/2022 8:26:56 AM",0,28.573,0.388,0.851,789.1,996.362,0,202.055,202.055,68.976,8.243,96.483,7.288,899.729,0,7.309,7.309,NA,13
"5/24/2022 8:26:57 AM",0,28.545,0.364,0.8,741.7,996.352,0,119.406,119.406,54.558,8.241,96.405,7.282,1069.479,0,7.303,7.303,NA,13
"5/24/2022 8:26:57 AM",0,28.522,0.356,0.782,725.8,996.353,0,47.694,47.694,18.203,8.238,96.38,7.281,1029.208,0,7.302,7.302,NA,13
"5/24/2022 8:26:57 AM",0,28.513,0.348,0.766,710.6,996.35,0,27.49,27.49,6.877,8.237,96.42,7.284,414.861,0,7.305,7.305,NA,13
"5/24/2022 8:26:57 AM",0,28.523,0.343,0.754,699.6,996.343,0,6.053,6.053,0,8.235,96.416,7.285,300.419,0,7.306,7.306,NA,13
"5/24/2022 8:26:57 AM",0,28.479,0.348,0.764,710,996.359,0,20.703,20.703,0,8.233,96.394,7.283,274.931,0,7.304,7.304,NA,13
"5/24/2022 8:26:58 AM",0,28.344,0.34,0.745,693.8,996.392,0,4.142,4.142,0,8.229,96.376,7.282,280.793,0,7.303,7.303,NA,13
"5/24/2022 8:26:58 AM",0,28.222,0.331,0.725,676.7,996.421,0,1.443,1.443,0,8.225,96.345,7.28,292.263,0,7.301,7.301,NA,13
"5/24/2022 8:26:58 AM",0,28.146,0.325,0.711,664.9,996.438,0,4.712,4.712,0,8.223,96.29,7.277,299.994,0,7.298,7.298,NA,13
"5/24/2022 8:26:58 AM",0,28.058,0.315,0.688,644.8,996.455,0,6.95,6.95,0,8.222,96.172,7.268,296.511,0,7.289,7.289,NA,13
"5/24/2022 8:26:58 AM",0,28.025,0.313,0.684,641.5,996.464,0,3.471,3.471,0.553,8.219,96.406,7.285,293.283,0,7.306,7.306,NA,13
"5/24/2022 8:26:59 AM",0,28.032,0.335,0.73,684.2,996.478,0,21.975,21.975,0,8.216,96.482,7.291,274.591,0,7.312,7.312,NA,13
"5/24/2022 8:26:59 AM",0,28.022,0.308,0.672,629.7,996.46,0,7.536,7.536,0,8.214,96.362,7.282,276.8,0,7.303,7.303,NA,13
"5/24/2022 8:26:59 AM",0,27.987,0.301,0.657,616.1,996.465,0,13.924,13.924,0,8.21,96.311,7.278,277.82,0,7.299,7.299,NA,13
"5/24/2022 8:26:59 AM",0,28.002,0.295,0.645,605,996.456,0,3.487,3.487,3.616,8.204,96.42,7.288,288.78,0,7.309,7.309,NA,13
"5/24/2022 8:27:00 AM",0,28.085,0.29,0.636,595.3,996.429,0,0.913,0.913,0.655,8.197,96.362,7.283,1241.014,0,7.304,7.304,NA,13
"5/24/2022 8:27:00 AM",0,28.118,0.287,0.629,588.3,996.417,0,0.788,0.788,0.451,8.192,96.418,7.287,1776.688,0,7.308,7.308,NA,13
"5/24/2022 8:27:00 AM",0,28.151,0.284,0.622,581.9,996.405,0,0.663,0.663,0.699,8.188,96.381,7.285,1860.204,0,7.306,7.306,NA,13
"5/24/2022 8:27:00 AM",0,28.175,0.349,0.763,712.8,996.448,0,0,0,0,8.185,96.454,7.288,1874.817,0,7.309,7.309,NA,13
"5/24/2022 8:27:00 AM",0,28.184,0.334,0.729,681.5,996.433,0,0,0,0,8.18,96.293,7.277,1905.573,0,7.298,7.298,NA,13
"5/24/2022 8:27:01 AM",0,28.172,0.34,0.743,694.5,996.442,0,0,0,0,8.177,96.336,7.279,1924.774,0,7.3,7.3,NA,13
"5/24/2022 8:27:01 AM",0,28.15,0.454,0.984,920,996.534,0,0,0,0,8.176,96.253,7.269,1854.511,0,7.29,7.29,NA,13
"5/24/2022 8:27:01 AM",0,28.154,0.612,1.31,1225.4,996.651,0,0,0,0.466,8.172,96.237,7.261,1656.299,0,7.282,7.282,NA,13
"5/24/2022 8:27:01 AM",0,28.132,0.513,1.106,1034.6,996.583,0,0.195,0.195,0.728,8.169,96.34,7.273,1341.692,0,7.294,7.295,NA,13
"5/24/2022 8:27:01 AM",0,28.064,1.652,3.368,3155.7,997.456,0,1.061,1.061,0,8.162,96.323,7.227,979.336,0,7.248,7.248,NA,13
"5/24/2022 8:27:02 AM",0,27.977,2.496,4.962,4657,998.112,0,4.68,4.68,0,8.158,96.243,7.187,864.3,0,7.208,7.208,NA,13
"5/24/2022 8:27:02 AM",0,27.881,1.813,3.665,3446.7,997.629,0,1.935,1.935,0,8.151,96.327,7.222,841.021,0,7.243,7.243,NA,13
"5/24/2022 8:27:02 AM",0,27.821,0.842,1.767,1663.6,996.918,0,0,0,0,8.145,96.418,7.267,761.413,0,7.288,7.288,NA,13
"5/24/2022 8:27:02 AM",0,27.799,0.549,1.173,1104.7,996.705,0,0,0,0,8.14,96.247,7.267,542.726,0,7.288,7.288,NA,13
"5/24/2022 8:27:02 AM",0,27.772,0.485,1.039,979.5,996.664,0,0,0,0,8.137,96.195,7.266,495.658,0,7.287,7.287,NA,13
"5/24/2022 8:27:03 AM",0,27.798,0.398,0.859,808.9,996.591,0,0,0,0,8.134,96.32,7.279,568.894,0,7.3,7.301,NA,13
"5/24/2022 8:27:03 AM",0,27.775,0.36,0.778,733.5,996.569,0,0,0,0.408,8.131,96.327,7.282,754.362,0,7.303,7.303,NA,13
"5/24/2022 8:27:03 AM",0,27.794,0.336,0.729,687.2,996.546,0,1.365,1.365,16.46,8.126,96.277,7.279,994.884,0,7.3,7.3,NA,13
"5/24/2022 8:27:03 AM",0,27.79,0.317,0.689,649.3,996.533,0,1.201,1.201,16.992,8.124,96.192,7.274,1023.176,0,7.295,7.295,NA,13
"5/24/2022 8:27:03 AM",0,27.787,0.3,0.652,614.5,996.521,0,1.747,1.747,16.387,8.121,96.408,7.291,1030.482,0,7.312,7.312,NA,13
"5/24/2022 8:27:04 AM",0,27.832,0.371,0.803,756.2,996.562,0,2.278,2.278,26.906,8.119,96.3,7.279,1049.089,0,7.3,7.3,NA,13
"5/24/2022 8:27:04 AM",0,29.084,2.371,4.83,4432.2,997.696,0,2.371,2.371,13.91,8.148,96.156,7.188,1034.9,0,7.209,7.209,NA,13
"5/24/2022 8:27:04 AM",0,29.904,2.093,4.363,3937.9,997.243,0,1.911,1.911,10.176,8.261,96.092,7.196,918.505,0,7.217,7.217,NA,13
"5/24/2022 8:27:04 AM",0,29.995,2.094,4.372,3938.9,997.215,0,1.935,1.935,8.738,8.313,96.229,7.206,894.631,0,7.227,7.227,NA,13
"5/24/2022 8:27:04 AM",0,30.024,2.03,4.249,3825.7,997.159,0,1.888,1.888,8.65,8.348,96.347,7.218,891.403,0,7.239,7.239,NA,13
"5/24/2022 8:27:05 AM",0,30.031,1.773,3.739,3366.6,996.965,0,2.028,2.028,9.236,8.373,96.31,7.226,891.318,0,7.247,7.247,NA,13
"5/24/2022 8:27:05 AM",0,30.032,1.664,3.523,3172.1,996.884,0,2.192,2.192,8.972,8.392,96.209,7.223,898.114,0,7.244,7.244,NA,13
"5/24/2022 8:27:05 AM",0,30.03,1.259,2.705,2435.4,996.582,0,1.888,1.888,9.016,8.415,96.262,7.241,918.93,0,7.262,7.262,NA,13
"5/24/2022 8:27:05 AM",0,30.035,1.135,2.452,2207.4,996.488,0,1.747,1.747,9.295,8.431,96.206,7.243,941.274,0,7.264,7.264,NA,13
"5/24/2022 8:27:05 AM",0,30.037,1.08,2.339,2106,996.446,0,1.794,1.794,9.794,8.448,96.195,7.245,964.638,0,7.265,7.266,NA,13
"5/24/2022 8:27:06 AM",0,30.047,1.021,2.217,1995.5,996.399,0,1.662,1.662,9.354,8.465,96.255,7.252,993.61,0,7.273,7.273,NA,13
"5/24/2022 8:27:06 AM",0,30.068,0.971,2.115,1902.8,996.355,0,1.88,1.88,8.489,8.484,96.26,7.253,1031.757,0,7.274,7.274,NA,13
"5/24/2022 8:27:06 AM",0,30.057,0.939,2.047,1842.3,996.334,0,1.755,1.755,9.603,8.494,96.258,7.255,1054.441,0,7.276,7.276,NA,13
"5/24/2022 8:27:06 AM",0,30.05,0.925,2.018,1816.3,996.326,0,1.716,1.716,9.266,8.504,96.161,7.248,1079.504,0,7.269,7.269,NA,13
"5/24/2022 8:27:06 AM",0,30.054,0.912,1.991,1791.8,996.315,0,1.63,1.63,9.706,8.511,96.249,7.255,1121.22,0,7.276,7.276,NA,13
"5/24/2022 8:27:07 AM",0,30.045,0.878,1.92,1727.9,996.292,0,1.467,1.467,9.486,8.519,96.19,7.252,1155.289,0,7.273,7.273,NA,13
"5/24/2022 8:27:07 AM",0,30.053,0.88,1.925,1732.4,996.292,0,1.74,1.74,9.882,8.531,96.179,7.25,1155.459,0,7.271,7.271,NA,13
"5/24/2022 8:27:07 AM",0,30.063,0.84,1.841,1656.6,996.259,0,1.958,1.958,9.545,8.54,96.13,7.249,1142.375,0,7.27,7.27,NA,13
"5/24/2022 8:27:07 AM",0,30.057,0.814,1.786,1607.6,996.241,0,1.888,1.888,9.471,8.546,96.143,7.251,1122.409,0,7.272,7.272,NA,13
"5/24/2022 8:27:07 AM",0,30.048,0.809,1.775,1597.5,996.24,0,1.857,1.857,9.119,8.554,96.21,7.256,1098.705,0,7.277,7.277,NA,13
"5/24/2022 8:27:08 AM",0,30.048,0.792,1.741,1566.7,996.228,0,1.74,1.74,9.53,8.563,96.349,7.268,1060.728,0,7.289,7.289,NA,13
"5/24/2022 8:27:08 AM",0,30.049,0.793,1.741,1567.2,996.227,0,1.95,1.95,9.295,8.569,96.28,7.262,1030.482,0,7.283,7.283,NA,13
"5/24/2022 8:27:08 AM",0,30.058,0.787,1.73,1556.7,996.221,0,1.872,1.872,9.911,8.573,96.192,7.255,999.727,0,7.276,7.276,NA,13
"5/24/2022 8:27:08 AM",0,30.055,0.786,1.728,1555.1,996.221,0,1.786,1.786,9.618,8.579,96.194,7.256,982.905,0,7.277,7.277,NA,13
"5/24/2022 8:27:09 AM",0,30.046,0.791,1.738,1564.8,996.228,0,1.888,1.888,9.633,8.588,96.096,7.248,966.592,0,7.269,7.269,NA,13
"5/24/2022 8:27:09 AM",0,30.031,0.788,1.731,1558.6,996.229,0,1.669,1.669,9.413,8.6,96.154,7.253,953.169,0,7.274,7.274,NA,13
"5/24/2022 8:27:09 AM",0,30.03,0.782,1.719,1547.9,996.226,0,1.747,1.747,9.941,8.605,96.171,7.255,952.999,0,7.276,7.276,NA,13
"5/24/2022 8:27:09 AM",0,30.029,0.787,1.73,1557.6,996.23,0,1.779,1.779,10.088,8.609,96.301,7.264,958.861,0,7.285,7.285,NA,13
"5/24/2022 8:27:09 AM",0,30.029,0.778,1.709,1538.8,996.222,0,1.763,1.763,9.823,8.612,96.184,7.256,979.506,0,7.277,7.277,NA,13
"5/24/2022 8:27:10 AM",0,30.036,0.768,1.69,1521.4,996.213,0,1.966,1.966,9.75,8.616,96.313,7.266,1015.19,0,7.287,7.287,NA,13
"5/24/2022 8:27:10 AM",0,30.04,0.773,1.699,1529.6,996.215,0,1.763,1.763,10.073,8.616,96.217,7.259,1039.658,0,7.28,7.28,NA,13
"5/24/2022 8:27:10 AM",0,30.039,0.76,1.672,1504.8,996.206,0,1.997,1.997,9.251,8.618,96.14,7.253,1059.964,0,7.274,7.274,NA,13
"5/24/2022 8:27:10 AM",0,30.042,0.763,1.679,1511.4,996.208,0,1.818,1.818,8.928,8.619,96.167,7.255,1084.177,0,7.276,7.276,NA,13
"5/24/2022 8:27:10 AM",0,30.046,0.764,1.682,1513.8,996.207,0,2.005,2.005,9.354,8.62,96.199,7.258,1119.691,0,7.279,7.279,NA,13
"5/24/2022 8:27:11 AM",0,30.045,0.756,1.665,1498.3,996.202,0,1.724,1.724,10.044,8.623,96.309,7.265,1182.136,0,7.286,7.286,NA,13
"5/24/2022 8:27:11 AM",0,30.042,0.754,1.66,1493.9,996.201,0,1.708,1.708,9.104,8.622,96.208,7.257,1207.539,0,7.278,7.278,NA,13
"5/24/2022 8:27:11 AM",0,30.035,0.748,1.648,1483.6,996.199,0,1.771,1.771,10.029,8.623,96.223,7.26,1216.97,0,7.281,7.281,NA,13
"5/24/2022 8:27:11 AM",0,30.045,0.736,1.623,1460.6,996.187,0,1.701,1.701,10.264,8.623,96.286,7.265,1218.754,0,7.286,7.286,NA,13
"5/24/2022 8:27:11 AM",0,30.067,0.735,1.622,1458.9,996.179,0,1.701,1.701,9.75,8.625,96.134,7.254,1204.481,0,7.275,7.275,NA,13
"5/24/2022 8:27:12 AM",0,30.054,0.722,1.592,1433.1,996.173,0,1.896,1.896,8.884,8.627,96.093,7.251,1190.887,0,7.272,7.272,NA,13
"5/24/2022 8:27:12 AM",0,30.033,0.715,1.577,1419.8,996.174,0,1.88,1.88,9.369,8.628,96.148,7.256,1174.235,0,7.277,7.277,NA,13
"5/24/2022 8:27:12 AM",0,30.026,0.713,1.573,1416.4,996.175,0,2.028,2.028,9.442,8.627,96.042,7.247,1156.054,0,7.268,7.268,NA,13
"5/24/2022 8:27:12 AM",0,30.043,0.703,1.553,1398,996.163,0,1.942,1.942,9.809,8.627,96.051,7.249,1125.978,0,7.27,7.27,NA,13
"5/24/2022 8:27:12 AM",0,30.052,0.698,1.543,1388.3,996.156,0,2.036,2.036,9.706,8.626,96.123,7.255,1106.947,0,7.276,7.276,NA,13
"5/24/2022 8:27:13 AM",0,30.066,0.7,1.548,1392.5,996.154,0,1.903,1.903,9.427,8.627,96.272,7.265,1086.556,0,7.286,7.286,NA,13
"5/24/2022 8:27:13 AM",0,30.07,0.692,1.53,1376.2,996.146,0,1.888,1.888,10.176,8.627,96.145,7.257,1067.78,0,7.278,7.278,NA,13
"5/24/2022 8:27:13 AM",0,30.066,0.696,1.538,1383.7,996.15,0,1.701,1.701,9.926,8.627,96.046,7.248,1060.388,0,7.269,7.269,NA,13
"5/24/2022 8:27:13 AM",0,30.068,0.69,1.527,1373.4,996.146,0,1.841,1.841,9.501,8.625,96.049,7.249,1060.558,0,7.27,7.27,NA,13
"5/24/2022 8:27:13 AM",0,30.069,0.69,1.527,1373.4,996.145,0,1.724,1.724,9.486,8.625,96.201,7.26,1063.532,0,7.281,7.281,NA,13
"5/24/2022 8:27:14 AM",0,30.067,0.689,1.524,1371,996.145,0,1.802,1.802,9.207,8.625,96.162,7.256,1067.95,0,7.277,7.277,NA,13
"5/24/2022 8:27:14 AM",0,30.07,0.688,1.522,1368.8,996.143,0,1.74,1.74,9.633,8.624,95.972,7.243,1077.635,0,7.264,7.264,NA,13
"5/24/2022 8:27:14 AM",0,30.072,0.685,1.516,1363.4,996.14,0,1.802,1.802,9.354,8.623,96.153,7.258,1095.647,0,7.279,7.279,NA,13
"5/24/2022 8:27:14 AM",0,30.076,0.685,1.515,1362.7,996.139,0,1.513,1.513,9.134,8.622,96.069,7.251,1106.352,0,7.272,7.272,NA,13
"5/24/2022 8:27:14 AM",0,30.08,0.682,1.509,1357.3,996.135,0,1.872,1.872,9.427,8.621,96.178,7.259,1114.338,0,7.28,7.28,NA,13
"5/24/2022 8:27:15 AM",0,30.082,0.682,1.508,1356.7,996.135,0,1.74,1.74,10.616,8.62,96.095,7.252,1124.873,0,7.273,7.273,NA,13
"5/24/2022 8:27:15 AM",0,30.084,0.684,1.514,1361.5,996.136,0,1.646,1.646,9.823,8.619,96.263,7.265,1138.892,0,7.286,7.286,NA,13
"5/24/2022 8:27:15 AM",0,30.084,0.679,1.502,1351.1,996.132,0,1.779,1.779,10.176,8.617,96.237,7.264,1155.119,0,7.285,7.286,NA,13
"5/24/2022 8:27:15 AM",0,30.082,0.678,1.5,1349.2,996.132,0,1.677,1.677,9.192,8.616,96.045,7.248,1166.928,0,7.269,7.269,NA,13
"5/24/2022 8:27:15 AM",0,30.077,0.678,1.499,1348.7,996.133,0,1.81,1.81,10.851,8.615,96.207,7.261,1181.287,0,7.282,7.282,NA,13
"5/24/2022 8:27:16 AM",0,30.074,0.678,1.501,1350.3,996.135,0,1.693,1.693,9.956,8.613,96.124,7.255,1192.671,0,7.276,7.276,NA,13
"5/24/2022 8:27:16 AM",0,30.074,0.678,1.501,1350.1,996.134,0,1.685,1.685,9.104,8.612,96.125,7.255,1202.187,0,7.276,7.276,NA,13
"5/24/2022 8:27:16 AM",0,30.077,0.677,1.498,1347.9,996.133,0,1.747,1.747,9.075,8.611,96.194,7.26,1208.219,0,7.281,7.281,NA,13
"5/24/2022 8:27:16 AM",0,30.082,0.673,1.49,1340.6,996.128,0,1.732,1.732,9.97,8.61,96.407,7.277,1211.448,0,7.298,7.298,NA,13
"5/24/2022 8:27:16 AM",0,30.084,0.671,1.486,1336.9,996.126,0,1.708,1.708,10.308,8.61,96.293,7.268,1214.166,0,7.289,7.289,NA,13
"5/24/2022 8:27:17 AM",0,30.085,0.669,1.481,1331.7,996.124,0,1.833,1.833,10.19,8.609,96.391,7.275,1215.611,0,7.296,7.297,NA,13
"5/24/2022 8:27:17 AM",0,30.084,0.662,1.468,1319.9,996.12,0,1.701,1.701,9.897,8.608,96.284,7.267,1212.212,0,7.288,7.288,NA,13
"5/24/2022 8:27:17 AM",0,30.084,0.663,1.469,1321.3,996.12,0,1.646,1.646,9.266,8.607,96.217,7.263,1208.644,0,7.284,7.284,NA,13
"5/24/2022 8:27:17 AM",0,30.081,0.658,1.459,1312.2,996.117,0,1.685,1.685,9.691,8.606,96.284,7.266,1201.762,0,7.287,7.287,NA,13
"5/24/2022 8:27:18 AM",0,30.077,0.657,1.455,1309,996.117,0,1.56,1.56,9.134,8.605,96.188,7.26,1190.717,0,7.281,7.281,NA,13
"5/24/2022 8:27:18 AM",0,30.075,0.655,1.45,1304.8,996.117,0,1.677,1.677,9.867,8.603,96.151,7.257,1175.764,0,7.278,7.278,NA,13
"5/24/2022 8:27:18 AM",0,30.073,0.65,1.44,1295.9,996.113,0,1.638,1.638,10.014,8.603,96.118,7.255,1166.759,0,7.276,7.276,NA,13
"5/24/2022 8:27:18 AM",0,30.073,0.648,1.436,1292.1,996.112,0,1.693,1.693,9.677,8.602,96.136,7.257,1158.942,0,7.278,7.278,NA,13
"5/24/2022 8:27:18 AM",0,30.073,0.647,1.435,1290.6,996.111,0,2.059,2.059,9.28,8.601,96.193,7.26,1150.786,0,7.281,7.281,NA,13
"5/24/2022 8:27:19 AM",0,30.073,0.643,1.425,1282.1,996.108,0,2.091,2.091,9.691,8.599,96.142,7.256,1146.198,0,7.277,7.277,NA,13
"5/24/2022 8:27:19 AM",0,30.073,0.641,1.421,1278.6,996.107,0,1.88,1.88,9.985,8.598,96.17,7.258,1144.159,0,7.279,7.279,NA,13
"5/24/2022 8:27:19 AM",0,30.073,0.641,1.423,1279.8,996.107,0,1.794,1.794,9.823,8.598,96.25,7.266,1144.584,0,7.287,7.287,NA,13
"5/24/2022 8:27:19 AM",0,30.073,0.639,1.417,1274.4,996.105,0,1.958,1.958,9.31,8.596,96.317,7.271,1150.701,0,7.292,7.292,NA,13
"5/24/2022 8:27:19 AM",0,30.071,0.64,1.419,1276.5,996.107,0,1.763,1.763,9.471,8.596,96.249,7.265,1158.263,0,7.286,7.286,NA,13
"5/24/2022 8:27:20 AM",0,30.069,0.638,1.415,1272.9,996.106,0,1.989,1.989,9.706,8.594,96.365,7.272,1176.274,0,7.293,7.294,NA,13
"5/24/2022 8:27:20 AM",0,30.071,0.637,1.414,1272,996.105,0,1.716,1.716,9.53,8.594,96.237,7.264,1188.848,0,7.285,7.285,NA,13
"5/24/2022 8:27:20 AM",0,30.073,0.636,1.41,1268.5,996.103,0,1.802,1.802,9.002,8.592,96.125,7.255,1204.821,0,7.276,7.276,NA,13
"5/24/2022 8:27:20 AM",0,30.078,0.636,1.411,1269.6,996.102,0,1.677,1.677,9.339,8.591,96.27,7.266,1221.473,0,7.287,7.287,NA,13
"5/24/2022 8:27:20 AM",0,30.084,0.632,1.403,1261.8,996.097,0,1.872,1.872,9.471,8.59,96.357,7.273,1237.7,0,7.294,7.294,NA,13
"5/24/2022 8:27:21 AM",0,30.089,0.632,1.404,1262.5,996.096,0,2.098,2.098,9.501,8.589,96.193,7.261,1263.528,0,7.282,7.282,NA,13
"5/24/2022 8:27:21 AM",0,30.093,0.63,1.399,1257.6,996.093,0,1.903,1.903,8.972,8.586,96.2,7.261,1276.697,0,7.282,7.282,NA,13
"5/24/2022 8:31:22 AM",0.355,29.574,50.633,80.06,72741,1033.658,33.657,0,0,0,8.161,94.738,5.384,498.037,0,5.396,5.399,NA,13
"5/24/2022 8:31:22 AM",0.308,29.575,50.628,80.055,72733.6,1033.653,33.652,0,0,0,8.174,94.593,5.376,567.194,0,5.388,5.391,NA,13
"5/24/2022 8:31:23 AM",0.234,29.577,50.63,80.061,72736,1033.654,33.653,0,0,0,8.186,94.593,5.376,531.001,0,5.387,5.391,NA,13
"5/24/2022 8:31:23 AM",0.166,29.576,50.639,80.072,72748.4,1033.662,33.661,0,0,0,8.198,94.575,5.374,684.27,0,5.386,5.389,NA,13
"5/24/2022 8:31:23 AM",0.088,29.576,50.638,80.071,72746.6,1033.66,33.66,0,0,0,8.209,94.603,5.376,702.621,0,5.387,5.391,NA,13
"5/24/2022 8:31:23 AM",0,29.579,50.634,80.069,72740.7,1033.655,33.655,0,0,0,8.224,94.612,5.376,417.579,0,5.388,5.391,NA,13
"5/24/2022 8:31:23 AM",0,29.579,50.635,80.07,72742.1,1033.656,33.656,0,0,0,8.234,94.56,5.373,277.905,0,5.384,5.388,NA,13
"5/24/2022 8:31:24 AM",0,29.577,50.628,80.058,72734.4,1033.652,33.652,0,0,4.566,8.243,94.556,5.373,239.928,0,5.385,5.389,NA,13
"5/24/2022 8:31:24 AM",0.065,29.577,50.629,80.059,72735.1,1033.653,33.653,0,0,4.726,8.251,94.537,5.373,244.77,0,5.385,5.388,NA,13
"5/24/2022 8:31:24 AM",0.124,29.578,50.631,80.064,72738,1033.654,33.654,0.593,0.593,1.938,8.262,94.568,5.376,356.068,0,5.388,5.391,NA,13
"5/24/2022 8:31:24 AM",0.128,29.579,50.627,80.06,72732.8,1033.651,33.651,0.398,0.398,1.063,8.267,94.485,5.373,706.699,0,5.384,5.388,NA,13
"5/24/2022 8:31:24 AM",0.129,29.579,50.63,80.065,72736.6,1033.653,33.653,0,0,0,8.27,94.697,5.385,463.118,0,5.397,5.4,NA,13
"5/24/2022 8:31:25 AM",0.154,29.578,50.627,80.058,72732.1,1033.651,33.65,0,0,0,8.274,94.621,5.381,290.734,0,5.393,5.397,NA,13
"5/24/2022 8:31:25 AM",0.173,29.58,50.622,80.054,72726.2,1033.647,33.646,0.429,0.429,0.947,8.277,94.67,5.385,294.132,0,5.397,5.4,NA,13
"5/24/2022 8:31:25 AM",0.22,29.577,50.628,80.059,72734.1,1033.653,33.652,0,0,0.131,8.282,94.763,5.39,370.087,0,5.402,5.405,NA,13
"5/24/2022 8:31:25 AM",0.289,29.573,50.634,80.059,72741.6,1033.659,33.658,0,0,0,8.284,94.742,5.388,287.76,0,5.4,5.403,NA,13
"5/24/2022 8:31:26 AM",0.405,29.57,50.634,80.057,72742.9,1033.661,33.659,0,0,0,8.288,94.817,5.393,146.726,0,5.405,5.408,NA,13
"5/24/2022 8:31:26 AM",0.548,29.567,50.638,80.057,72748.4,1033.666,33.663,0,0,0,8.291,94.815,5.393,103.821,0,5.405,5.408,NA,13
"5/24/2022 8:31:26 AM",0.708,29.569,50.635,80.055,72743.6,1033.663,33.66,0.234,0.234,2.288,8.295,94.738,5.389,134.152,0,5.401,5.404,NA,13
"5/24/2022 8:31:26 AM",0.776,29.571,50.64,80.065,72749.6,1033.666,33.663,0.78,0.78,2.2,8.298,94.863,5.396,249.868,0,5.408,5.411,NA,13
"5/24/2022 8:31:26 AM",0.8,29.574,50.643,80.075,72754,1033.668,33.665,0.335,0.335,0.888,8.3,94.855,5.395,309.34,0,5.407,5.41,NA,13
"5/24/2022 8:31:27 AM",0.793,29.578,50.643,80.08,72752.7,1033.666,33.663,0.172,0.172,0.379,8.301,94.796,5.392,334.318,0,5.404,5.407,NA,13
"5/24/2022 8:31:27 AM",0.772,29.575,50.649,80.085,72760.9,1033.672,33.669,0,0,0,8.303,94.782,5.391,406.62,0,5.403,5.406,NA,13
"5/24/2022 8:31:27 AM",0.751,29.573,50.657,80.092,72770.3,1033.678,33.675,0,0,0,8.305,94.708,5.387,395.66,0,5.399,5.402,NA,13
"5/24/2022 8:31:27 AM",0.715,29.572,50.658,80.092,72772.9,1033.68,33.677,0,0,0,8.306,94.732,5.388,337.547,0,5.4,5.403,NA,13
"5/24/2022 8:31:27 AM",0.682,29.571,50.661,80.096,72776.6,1033.682,33.679,0.109,0.109,0,8.307,94.823,5.394,312.739,0,5.405,5.409,NA,13
"5/24/2022 8:31:28 AM",0.647,29.572,50.665,80.1,72780.4,1033.684,33.681,0.109,0.109,0.131,8.308,94.702,5.387,386.569,0,5.399,5.402,NA,13
"5/24/2022 8:31:28 AM",0.607,29.574,50.664,80.103,72779.2,1033.683,33.68,0,0,0,8.309,94.781,5.392,393.366,0,5.404,5.407,NA,13
"5/24/2022 8:31:28 AM",0.612,29.575,50.665,80.106,72779.9,1033.683,33.68,0.062,0.062,0,8.31,94.846,5.396,347.572,0,5.408,5.411,NA,13
"5/24/2022 8:31:28 AM",0.623,29.578,50.66,80.104,72773.9,1033.678,33.676,0,0,0,8.311,94.789,5.393,279.094,0,5.405,5.408,NA,13
"5/24/2022 8:31:28 AM",0.623,29.579,50.657,80.101,72770.6,1033.676,33.673,0.055,0.055,0,8.312,94.757,5.392,274.506,0,5.403,5.407,NA,13
"5/24/2022 8:31:29 AM",0.623,29.579,50.658,80.102,72771.4,1033.677,33.674,0.265,0.265,0.408,8.312,94.716,5.389,305.177,0,5.401,5.404,NA,13
"5/24/2022 8:31:29 AM",0.595,29.578,50.659,80.102,72772.1,1033.677,33.675,0,0,0,8.313,94.745,5.391,257.26,0,5.403,5.406,NA,13
"5/24/2022 8:31:29 AM",0.562,29.577,50.661,80.103,72775.3,1033.679,33.677,0,0,0,8.314,94.693,5.388,218.263,0,5.4,5.403,NA,13
"5/24/2022 8:31:29 AM",0.52,29.575,50.664,80.104,72779.3,1033.682,33.68,0.164,0.164,0.524,8.314,94.789,5.394,222.001,0,5.405,5.409,NA,13
"5/24/2022 8:31:29 AM",0.475,29.574,50.667,80.107,72782.4,1033.684,33.682,0.078,0.078,0,8.314,94.798,5.394,239.333,0,5.406,5.409,NA,13
"5/24/2022 8:31:30 AM",0.379,29.574,50.66,80.098,72774.5,1033.679,33.677,0,0,0,8.314,94.858,5.398,251.652,0,5.41,5.413,NA,13
"5/24/2022 8:31:30 AM",0.326,29.575,50.661,80.099,72774.9,1033.679,33.677,0,0,0,8.315,94.824,5.396,213.335,0,5.408,5.411,NA,13
"5/24/2022 8:31:30 AM",0.277,29.574,50.659,80.096,72772.7,1033.677,33.676,0,0,0,8.317,94.823,5.396,214.525,0,5.408,5.411,NA,13
"5/24/2022 8:31:30 AM",0.247,29.571,50.658,80.091,72771.8,1033.677,33.676,0,0,0,8.317,94.754,5.393,191.84,0,5.405,5.408,NA,13
"5/24/2022 8:31:30 AM",0.232,29.571,50.651,80.081,72763.6,1033.672,33.671,0,0,0,8.318,94.859,5.399,159.64,0,5.411,5.414,NA,13
"5/24/2022 8:31:31 AM",0.256,29.571,50.649,80.078,72761.2,1033.671,33.67,0.14,0.14,0,8.318,94.813,5.396,142.308,0,5.408,5.412,NA,13
"5/24/2022 8:31:31 AM",0.3,29.571,50.643,80.069,72752.8,1033.666,33.665,0,0,2.448,8.318,94.916,5.402,125.826,0,5.414,5.418,NA,13
"5/24/2022 8:31:31 AM",0.364,29.571,50.644,80.072,72755.2,1033.668,33.666,0,0,0,8.319,94.884,5.401,117.415,0,5.413,5.416,NA,13
"5/24/2022 8:31:31 AM",0.428,29.574,50.642,80.073,72752.4,1033.666,33.664,0,0,0,8.319,94.799,5.396,115.971,0,5.408,5.411,NA,13
"5/24/2022 8:31:31 AM",0.525,29.576,50.646,80.082,72757,1033.668,33.666,0,0,4.215,8.319,94.893,5.401,130.924,0,5.412,5.416,NA,13
"5/24/2022 8:31:32 AM",0.583,29.576,50.651,80.087,72762.6,1033.672,33.669,0,0,3.309,8.32,94.863,5.399,139.505,0,5.411,5.414,NA,13
"5/24/2022 8:31:32 AM",0.626,29.575,50.654,80.09,72766.2,1033.675,33.672,0.538,0.538,1.559,8.32,95.018,5.408,166.947,0,5.42,5.423,NA,13
"5/24/2022 8:31:32 AM",0.682,29.575,50.656,80.094,72769.2,1033.677,33.674,0.39,0.39,0.583,8.32,95.036,5.409,179.606,0,5.421,5.424,NA,13
"5/24/2022 8:31:32 AM",0.727,29.574,50.664,80.103,72779,1033.683,33.68,0.343,0.343,0,8.32,95.013,5.407,193.369,0,5.419,5.422,NA,13
"5/24/2022 8:31:32 AM",0.791,29.574,50.668,80.108,72784.3,1033.686,33.683,0.164,0.164,0.146,8.32,95.033,5.408,174.593,0,5.42,5.423,NA,13
"5/24/2022 8:31:33 AM",0.802,29.574,50.666,80.105,72781.9,1033.685,33.682,0.273,0.273,0.349,8.32,95.039,5.408,194.304,0,5.42,5.424,NA,13
"5/24/2022 8:31:33 AM",0.791,29.573,50.667,80.106,72783.6,1033.686,33.683,0.289,0.289,0.349,8.32,95.015,5.407,211.806,0,5.419,5.422,NA,13
"5/24/2022 8:31:33 AM",0.763,29.571,50.67,80.108,72787.9,1033.689,33.686,0.164,0.164,0.233,8.321,95.089,5.411,218.857,0,5.423,5.427,NA,13
"5/24/2022 8:31:33 AM",0.718,29.572,50.672,80.111,72789.2,1033.69,33.687,0,0,0,8.321,95.051,5.41,263.716,0,5.422,5.425,NA,13
"5/24/2022 8:31:33 AM",0.703,29.573,50.67,80.11,72786.7,1033.688,33.685,0,0,0,8.32,95.177,5.418,206.963,0,5.43,5.433,NA,13
"5/24/2022 8:31:34 AM",0.722,29.572,50.674,80.115,72792.7,1033.692,33.689,0.023,0.023,0.218,8.321,95.173,5.417,170.09,0,5.429,5.432,NA,13
"5/24/2022 8:31:34 AM",0.762,29.574,50.674,80.117,72792.3,1033.691,33.688,0,0,0,8.321,95.116,5.414,137.381,0,5.426,5.43,NA,13
"5/24/2022 8:31:34 AM",0.819,29.573,50.678,80.121,72796.9,1033.694,33.691,0.187,0.187,0.102,8.321,95.228,5.421,127.185,0,5.433,5.436,NA,13
"5/24/2022 8:31:34 AM",0.927,29.574,50.679,80.124,72798.5,1033.696,33.692,0.008,0.008,0,8.321,95.324,5.426,128.12,0,5.438,5.442,NA,13
"5/24/2022 8:31:34 AM",1.015,29.575,50.676,80.122,72794.8,1033.693,33.689,0.265,0.265,0.087,8.321,95.234,5.421,133.218,0,5.433,5.436,NA,13
"5/24/2022 8:31:35 AM",1.095,29.575,50.676,80.12,72794.2,1033.694,33.689,0.281,0.281,1.02,8.321,95.2,5.419,155.732,0,5.431,5.435,NA,13
"5/24/2022 8:31:35 AM",1.156,29.575,50.677,80.123,72795.9,1033.695,33.69,0.179,0.179,0.262,8.321,95.371,5.429,164.908,0,5.441,5.445,NA,13
"5/24/2022 8:31:35 AM",1.182,29.576,50.675,80.122,72793.5,1033.693,33.688,0.172,0.172,0.335,8.32,95.323,5.427,228.288,0,5.439,5.442,NA,13
"5/24/2022 8:31:35 AM",1.161,29.574,50.683,80.129,72802.7,1033.699,33.694,0.273,0.273,0.437,8.32,95.342,5.427,251.567,0,5.439,5.442,NA,13
"5/24/2022 8:31:36 AM",1.12,29.572,50.687,80.132,72809.1,1033.704,33.699,0.25,0.25,0.466,8.321,95.304,5.425,276.545,0,5.437,5.44,NA,13
"5/24/2022 8:31:36 AM",1.083,29.572,50.688,80.133,72810.2,1033.704,33.7,0.078,0.078,0.087,8.321,95.399,5.431,254.031,0,5.443,5.446,NA,13
"5/24/2022 8:31:36 AM",1.047,29.571,50.688,80.133,72810.3,1033.704,33.7,0,0,0,8.321,95.358,5.429,238.313,0,5.441,5.444,NA,13
"5/24/2022 8:31:36 AM",1.019,29.572,50.688,80.133,72809.9,1033.704,33.699,0,0,0,8.32,95.334,5.428,210.786,0,5.44,5.443,NA,13
"5/24/2022 8:31:36 AM",0.993,29.571,50.69,80.135,72812.4,1033.705,33.701,0,0,0,8.32,95.447,5.434,188.612,0,5.446,5.45,NA,13
"5/24/2022 8:31:37 AM",0.968,29.571,50.692,80.137,72814.3,1033.706,33.702,0,0,0,8.32,95.491,5.438,157.176,0,5.45,5.453,NA,13
"5/24/2022 8:31:37 AM",0.946,29.571,50.692,80.137,72814.4,1033.706,33.702,0,0,0,8.32,95.455,5.435,151.314,0,5.447,5.45,NA,13
"5/24/2022 8:31:37 AM",0.927,29.571,50.691,80.136,72814.1,1033.706,33.702,0.086,0.086,0,8.32,95.548,5.441,184.873,0,5.453,5.457,NA,13
"5/24/2022 8:31:37 AM",0.925,29.571,50.693,80.138,72815.5,1033.707,33.703,0.179,0.179,0.291,8.32,95.454,5.436,181.645,0,5.448,5.451,NA,13
"5/24/2022 8:31:37 AM",0.934,29.571,50.692,80.137,72814.7,1033.706,33.702,0.125,0.125,0.189,8.32,95.505,5.439,228.373,0,5.451,5.454,NA,13
"5/24/2022 8:31:38 AM",0.949,29.572,50.692,80.138,72815.2,1033.707,33.703,0.172,0.172,0.349,8.32,95.576,5.443,227.099,0,5.455,5.458,NA,13
"5/24/2022 8:31:38 AM",0.979,29.571,50.694,80.141,72817.3,1033.708,33.704,0.07,0.07,0.015,8.32,95.621,5.445,247.149,0,5.457,5.461,NA,13
"5/24/2022 8:31:38 AM",1.031,29.574,50.692,80.142,72814.4,1033.706,33.701,0,0,0,8.32,95.585,5.443,240.777,0,5.455,5.459,NA,13
"5/24/2022 8:31:38 AM",1.066,29.577,50.688,80.14,72809.5,1033.702,33.698,0.086,0.086,0.015,8.321,95.555,5.442,217.243,0,5.454,5.457,NA,13
"5/24/2022 8:31:38 AM",1.074,29.577,50.687,80.139,72808,1033.701,33.697,0.156,0.156,0.102,8.32,95.706,5.45,214.694,0,5.462,5.466,NA,13
"5/24/2022 8:31:39 AM",1.067,29.577,50.686,80.138,72806.6,1033.7,33.696,0.008,0.008,0,8.32,95.742,5.453,186.997,0,5.465,5.468,NA,13
"5/24/2022 8:31:39 AM",1.01,29.573,50.691,80.139,72812.8,1033.705,33.701,0.133,0.133,0.248,8.32,95.73,5.452,171.875,0,5.464,5.467,NA,13
"5/24/2022 8:31:39 AM",0.953,29.571,50.697,80.143,72820.9,1033.71,33.706,0.039,0.039,0.131,8.32,95.789,5.455,156.327,0,5.467,5.47,NA,13
"5/24/2022 8:31:39 AM",0.909,29.571,50.696,80.142,72819.9,1033.71,33.706,0,0,0,8.32,95.747,5.453,160.745,0,5.465,5.469,NA,13
"5/24/2022 8:31:39 AM",0.866,29.571,50.695,80.141,72818.5,1033.708,33.705,0.125,0.125,0.248,8.32,95.871,5.461,183.854,0,5.473,5.477,NA,13
"5/24/2022 8:31:40 AM",0.831,29.571,50.695,80.142,72819.1,1033.709,33.705,0.179,0.179,0.277,8.32,95.878,5.462,184.619,0,5.474,5.477,NA,13
"5/24/2022 8:31:40 AM",0.788,29.571,50.698,80.146,72822.3,1033.71,33.707,0.094,0.094,0.102,8.32,95.919,5.465,175.698,0,5.477,5.48,NA,13
"5/24/2022 8:31:40 AM",0.76,29.571,50.699,80.147,72823.4,1033.711,33.708,0.25,0.25,0.015,8.319,95.919,5.465,175.528,0,5.477,5.48,NA,13
"5/24/2022 8:31:40 AM",0.734,29.571,50.698,80.145,72821.6,1033.71,33.707,0.218,0.218,0,8.319,95.897,5.464,177.567,0,5.476,5.479,NA,13
"5/24/2022 8:31:40 AM",0.71,29.571,50.699,80.147,72823.5,1033.711,33.708,0.07,0.07,0,8.319,95.859,5.461,173.319,0,5.473,5.477,NA,13
"5/24/2022 8:31:41 AM",0.689,29.572,50.699,80.148,72823.3,1033.71,33.708,0.179,0.179,0,8.318,95.921,5.465,169.326,0,5.477,5.48,NA,13
"5/24/2022 8:31:41 AM",0.656,29.571,50.701,80.149,72825.3,1033.712,33.709,0.218,0.218,0,8.318,95.947,5.466,194.134,0,5.478,5.482,NA,13
"5/24/2022 8:31:41 AM",0.644,29.571,50.703,80.152,72828.4,1033.713,33.711,0.023,0.023,0,8.318,96.032,5.471,198.042,0,5.483,5.486,NA,13
"5/24/2022 8:31:41 AM",0.64,29.572,50.7,80.149,72824.6,1033.711,33.708,0,0,0,8.317,95.956,5.467,181.135,0,5.479,5.482,NA,13
"5/24/2022 8:31:41 AM",0.663,29.572,50.701,80.15,72825.2,1033.711,33.709,0,0,0,8.316,96.132,5.477,164.653,0,5.489,5.492,NA,13
"5/24/2022 8:31:42 AM",0.689,29.572,50.701,80.151,72825.8,1033.712,33.709,0.14,0.14,0.029,8.316,96.087,5.474,146.641,0,5.486,5.49,NA,13
"5/24/2022 8:31:42 AM",0.741,29.571,50.704,80.153,72829,1033.714,33.711,0.25,0.25,0,8.316,96.204,5.481,131.094,0,5.493,5.497,NA,13
"5/24/2022 8:31:42 AM",0.779,29.571,50.704,80.154,72829.4,1033.715,33.711,0.343,0.343,0.379,8.315,96.096,5.475,127.61,0,5.487,5.49,NA,13
"5/24/2022 8:31:42 AM",0.795,29.571,50.704,80.154,72829.7,1033.715,33.712,0.164,0.164,0.058,8.315,96.16,5.478,124.042,0,5.491,5.494,NA,13
"5/24/2022 8:31:42 AM",0.817,29.572,50.705,80.156,72830.6,1033.715,33.712,0.101,0.101,0.058,8.315,96.234,5.483,122.173,0,5.495,5.499,NA,13
"5/24/2022 8:31:43 AM",0.845,29.573,50.704,80.156,72829,1033.714,33.711,0.14,0.14,0.248,8.314,96.198,5.481,125.826,0,5.493,5.497,NA,13
"5/24/2022 8:31:43 AM",0.861,29.572,50.704,80.156,72829.6,1033.715,33.711,0,0,0,8.314,96.184,5.481,125.826,0,5.493,5.496,NA,13
"5/24/2022 8:31:43 AM",0.889,29.572,50.706,80.158,72831.8,1033.716,33.712,0,0,0.044,8.314,96.183,5.481,119.709,0,5.493,5.497,NA,13
"5/24/2022 8:31:43 AM",0.897,29.572,50.707,80.159,72832.8,1033.717,33.713,0.172,0.172,0.466,8.315,96.282,5.487,110.363,0,5.499,5.502,NA,13
"5/24/2022 8:31:43 AM",0.899,29.573,50.709,80.163,72835.3,1033.718,33.714,0.156,0.156,0.539,8.315,96.287,5.487,128.46,0,5.5,5.503,NA,13
"5/24/2022 8:31:44 AM",0.835,29.573,50.709,80.163,72835.7,1033.718,33.715,0.156,0.156,0.816,8.315,96.233,5.485,188.357,0,5.497,5.5,NA,13
"5/24/2022 8:31:44 AM",0.777,29.573,50.708,80.162,72834.4,1033.717,33.714,0.101,0.101,0.743,8.315,96.254,5.486,240.607,0,5.498,5.502,NA,13
"5/24/2022 8:31:44 AM",0.736,29.573,50.711,80.166,72837.9,1033.719,33.716,0.164,0.164,0,8.315,96.273,5.487,247.659,0,5.499,5.503,NA,13
"5/24/2022 8:31:44 AM",0.682,29.574,50.713,80.17,72840.7,1033.72,33.718,0,0,0,8.315,96.217,5.484,221.151,0,5.496,5.5,NA,13
"5/24/2022 8:31:44 AM",0.609,29.574,50.71,80.166,72837,1033.718,33.715,0.039,0.039,0.233,8.315,96.265,5.487,201.95,0,5.5,5.503,NA,13
"5/24/2022 8:31:45 AM",0.527,29.573,50.712,80.167,72839.3,1033.719,33.717,0.32,0.32,0,8.315,96.207,5.484,213.505,0,5.496,5.5,NA,13
"5/24/2022 8:31:45 AM",0.442,29.573,50.711,80.165,72838.3,1033.718,33.717,0,0,0,8.315,96.328,5.491,196.938,0,5.503,5.507,NA,13
"5/24/2022 8:31:45 AM",0.376,29.573,50.71,80.164,72836.6,1033.717,33.715,0,0,0,8.316,96.156,5.482,167.796,0,5.494,5.497,NA,13
"5/24/2022 8:31:45 AM",0.293,29.574,50.709,80.164,72835.6,1033.716,33.715,0,0,0.262,8.316,96.089,5.477,166.947,0,5.49,5.493,NA,13
"5/24/2022 8:31:45 AM",0.126,29.574,50.707,80.161,72832.8,1033.713,33.713,0,0,1.88,8.316,96.211,5.484,142.138,0,5.497,5.5,NA,13
"5/24/2022 8:31:46 AM",0,29.574,50.712,80.168,72838.4,1033.716,33.716,0,0,0.553,8.316,96.104,5.478,285.721,0,5.49,5.494,NA,13
"5/24/2022 8:31:46 AM",0,29.602,50.772,80.292,72909.4,1033.751,33.752,0,0,0,8.316,96.302,5.487,218.518,0,5.5,5.503,NA,13
"5/24/2022 8:31:46 AM",0,29.66,50.736,80.327,72857.9,1033.704,33.704,0,0,0,8.315,96.296,5.488,196.258,0,5.501,5.504,NA,13
"5/24/2022 8:31:46 AM",0,29.721,47.715,76.242,69068.2,1031.395,31.396,0,0,0,8.317,96.09,5.569,220.132,0,5.582,5.585,NA,13
"5/24/2022 8:31:47 AM",0,29.759,38.631,63.401,57392.1,1024.534,24.535,81.643,81.643,230.963,8.316,96.08,5.853,212.825,0,5.868,5.87,NA,13
"5/24/2022 8:31:47 AM",0,29.743,33.018,55.151,49940.6,1020.328,20.328,64.216,64.216,122.201,8.317,96.263,6.048,231.092,0,6.064,6.065,NA,13
"5/24/2022 8:31:47 AM",0,29.708,47.421,75.815,68699,1031.178,31.178,156.655,156.655,404.763,8.317,96.154,5.582,225.145,0,5.595,5.598,NA,13
"5/24/2022 8:31:47 AM",0,29.655,50.604,80.139,72694.9,1033.606,33.606,253.017,253.017,793.129,8.316,96.214,5.49,219.707,0,5.502,5.506,NA,13
"5/24/2022 8:31:47 AM",0,29.597,50.663,80.134,72774.6,1033.671,33.671,175.915,175.915,386.714,8.317,96.273,5.493,254.711,0,5.506,5.509,NA,13
"5/24/2022 8:31:48 AM",0,29.585,50.678,80.137,72795.1,1033.687,33.687,67.476,67.476,109.483,8.316,96.387,5.5,392.006,0,5.513,5.516,NA,13
"5/24/2022 8:31:48 AM",0,29.582,50.681,80.137,72799,1033.69,33.69,18.106,18.106,32.617,8.315,96.44,5.504,300.844,0,5.517,5.52,NA,13
"5/24/2022 8:31:48 AM",0,29.581,50.689,80.147,72809.1,1033.696,33.697,0,0,0,8.315,96.394,5.502,251.057,0,5.514,5.518,NA,13
"5/24/2022 8:31:48 AM",0,29.589,50.675,80.14,72791.5,1033.683,33.684,0,0,0,8.316,96.461,5.507,266.86,0,5.519,5.522,NA,13
"5/24/2022 8:31:48 AM",0,29.584,50.707,80.176,72831.7,1033.709,33.709,0,0,0,8.316,96.37,5.501,248.084,0,5.513,5.517,NA,13
"5/24/2022 8:31:49 AM",0,29.596,50.669,80.142,72782.8,1033.676,33.676,0,0,0,8.316,96.453,5.507,261.083,0,5.52,5.523,NA,13
"5/24/2022 8:31:49 AM",0,29.591,50.672,80.139,72786.6,1033.68,33.68,0,0,0,8.317,96.535,5.512,262.442,0,5.524,5.528,NA,13
"5/24/2022 8:31:49 AM",0,29.584,50.688,80.149,72807.6,1033.695,33.695,0,0,0,8.316,96.465,5.508,263.462,0,5.52,5.523,NA,13
"5/24/2022 8:31:49 AM",0,29.58,50.687,80.143,72806.5,1033.695,33.695,0,0,1.705,8.316,96.605,5.515,306.282,0,5.528,5.531,NA,13
"5/24/2022 8:31:49 AM",0,29.58,50.686,80.142,72806.3,1033.695,33.695,0,0,0,8.317,96.584,5.514,288.525,0,5.527,5.53,NA,13
"5/24/2022 8:31:50 AM",0,29.58,50.686,80.142,72806.3,1033.695,33.695,0,0,0,8.317,96.562,5.513,273.487,0,5.526,5.529,NA,13
"5/24/2022 8:31:50 AM",0,29.58,50.682,80.136,72801.1,1033.692,33.692,0,0,0,8.317,96.647,5.518,274.252,0,5.53,5.534,NA,13
"5/24/2022 8:31:50 AM",0,29.581,50.686,80.143,72805.1,1033.694,33.694,0,0,0,8.318,96.616,5.516,272.892,0,5.529,5.532,NA,13
"5/24/2022 8:31:50 AM",0,29.58,50.688,80.145,72808.7,1033.696,33.697,0,0,0,8.318,96.671,5.52,281.303,0,5.533,5.536,NA,13
"5/24/2022 8:31:50 AM",0,29.58,50.691,80.148,72812,1033.698,33.699,0,0,0,8.317,96.676,5.521,315.797,0,5.533,5.537,NA,13
"5/24/2022 8:31:51 AM",0,29.579,50.689,80.145,72809.9,1033.697,33.698,57.772,57.772,11.615,8.316,96.623,5.518,514.434,0,5.531,5.534,NA,13
"5/24/2022 8:31:51 AM",0,29.579,26.063,44.505,40431.9,1015.181,15.182,36.094,36.094,19.874,8.317,96.681,6.323,712.986,0,6.341,6.341,NA,13
"5/24/2022 8:31:51 AM",0,29.726,2.202,4.561,4131.1,997.378,0,0,0,0,8.316,96.612,7.205,1020.542,0,7.226,7.226,NA,13
"5/24/2022 8:31:51 AM",0,29.943,1.605,3.398,3065.1,996.867,0,0,0,0,8.316,96.571,7.227,1175.255,0,7.248,7.248,NA,13
"5/24/2022 8:31:51 AM",0,30.132,1.164,2.516,2260.6,996.48,0,0,0,0,8.317,96.639,7.25,1243.393,0,7.271,7.271,NA,13
"5/24/2022 8:31:52 AM",0,30.201,0.967,2.111,1894.7,996.312,0,0,0,0,8.317,96.566,7.253,1466.328,0,7.274,7.274,NA,13
"5/24/2022 8:31:52 AM",0,30.185,0.824,1.811,1625.5,996.209,0,424.719,424.719,0,8.317,96.62,7.263,1502.946,0,7.284,7.284,NA,13
"5/24/2022 8:31:52 AM",0,30.247,0.71,1.573,1410,996.106,0,81.892,81.892,0,8.317,96.429,7.253,1729.705,0,7.274,7.274,NA,13
"5/24/2022 8:31:52 AM",0,30.336,0.651,1.451,1298.5,996.035,0,59.894,59.894,0,8.316,96.442,7.257,1725.372,0,7.278,7.278,NA,13
"5/24/2022 8:31:52 AM",0,30.435,0.606,1.357,1212,995.971,0,14.689,14.689,2.405,8.315,96.498,7.262,1822.397,0,7.283,7.283,NA,13
"5/24/2022 8:31:53 AM",0,30.54,0.57,1.282,1142.5,995.911,0,107.213,107.213,25.345,8.314,96.486,7.262,1731.404,0,7.283,7.283,NA,13
"5/24/2022 8:31:53 AM",0,30.496,0.524,1.181,1053.4,995.891,0,46.157,46.157,52.72,8.314,96.5,7.264,1692.068,0,7.285,7.285,NA,13
"5/24/2022 8:31:53 AM",0,30.095,0.508,1.137,1022.2,996.001,0,115.529,115.529,0,8.312,96.447,7.262,1549.504,0,7.283,7.283,NA,13
"5/24/2022 8:31:53 AM",0,29.71,0.5,1.111,1006.8,996.111,0,0,0,0,8.31,96.406,7.258,1513.396,0,7.279,7.279,NA,13
"5/24/2022 8:31:53 AM",0,29.476,0.464,1.03,937.9,996.154,0,5.305,5.305,0,8.306,96.451,7.263,1416.542,0,7.284,7.284,NA,13
"5/24/2022 8:31:54 AM",0,29.336,0.459,1.016,927.7,996.192,0,0,0,0,8.3,96.462,7.264,1329.627,0,7.285,7.285,NA,13
"5/24/2022 8:31:54 AM",0,29.482,0.428,0.952,866.2,996.125,0,506.05,506.05,56.808,8.297,96.38,7.259,1225.636,0,7.279,7.28,NA,13
"5/24/2022 8:31:54 AM",0,29.579,0.43,0.959,870.8,996.098,0,301.569,301.569,96.794,8.295,96.353,7.256,1239.654,0,7.277,7.277,NA,13
"5/24/2022 8:31:54 AM",0,29.627,0.408,0.912,827.4,996.067,0,101.995,101.995,0,8.292,96.394,7.259,1203.291,0,7.28,7.28,NA,13
"5/24/2022 8:31:54 AM",0,29.926,0.394,0.886,799.4,995.966,0,38.247,38.247,0,8.292,96.316,7.255,1199.723,0,7.276,7.276,NA,13
"5/24/2022 8:31:55 AM",0,30.202,0.374,0.848,761.1,995.868,0,291.015,291.015,0,8.289,96.341,7.257,1228.1,0,7.278,7.278,NA,13
"5/24/2022 8:31:55 AM",0,30.353,0.403,0.914,817.9,995.844,0,57.484,57.484,0,8.288,96.301,7.252,1307.962,0,7.273,7.273,NA,13
"5/24/2022 8:31:55 AM",0,30.203,1.439,3.081,2764.2,996.664,0,0,0,0,8.296,96.301,7.211,1242.458,0,7.232,7.232,NA,13
"5/24/2022 8:31:55 AM",0.035,29.798,50.388,80.05,72407.8,1033.391,33.391,0,0,0,8.3,96.367,5.514,1025.47,0,5.527,5.53,NA,13
"5/24/2022 8:31:56 AM",0.188,29.599,50.662,80.137,72773.9,1033.671,33.67,0,0,0,8.303,96.42,5.51,616.046,0,5.522,5.526,NA,13
"5/24/2022 8:31:56 AM",0.305,29.581,50.685,80.142,72805,1033.695,33.694,0.156,0.156,1.282,8.306,96.359,5.506,284.022,0,5.518,5.521,NA,13
"5/24/2022 8:31:56 AM",0.411,29.577,50.691,80.144,72812.5,1033.701,33.7,0.406,0.406,0.699,8.308,96.397,5.508,334.998,0,5.52,5.524,NA,13
"5/24/2022 8:31:56 AM",0.532,29.576,50.694,80.147,72815.9,1033.704,33.702,0.335,0.335,0.772,8.31,96.377,5.507,531.681,0,5.519,5.523,NA,13
"5/24/2022 8:31:56 AM",0.741,29.574,50.701,80.154,72825.5,1033.711,33.708,0.195,0.195,0,8.312,96.399,5.508,772.203,0,5.52,5.523,NA,13
"5/24/2022 8:31:57 AM",0.889,29.573,50.704,80.156,72829.7,1033.715,33.711,0.281,0.281,0.146,8.314,96.375,5.506,740.258,0,5.518,5.522,NA,13
"5/24/2022 8:31:57 AM",1.04,29.573,50.713,80.169,72840.3,1033.722,33.717,0.179,0.179,0,8.315,96.297,5.501,552.326,0,5.514,5.517,NA,13
"5/24/2022 8:31:57 AM",1.207,29.573,50.715,80.172,72843.4,1033.724,33.719,0.203,0.203,0.015,8.315,96.225,5.497,504.409,0,5.509,5.513,NA,13
"5/24/2022 8:31:57 AM",1.38,29.573,50.717,80.175,72846.3,1033.727,33.721,0.148,0.148,0,8.316,96.416,5.508,483.848,0,5.52,5.524,NA,13
"5/24/2022 8:31:57 AM",1.644,29.571,50.728,80.187,72860.3,1033.737,33.73,0.125,0.125,0,8.317,96.304,5.501,401.777,0,5.513,5.517,NA,13
"5/24/2022 8:31:58 AM",1.818,29.57,50.75,80.215,72887.1,1033.754,33.746,0.133,0.133,0,8.318,96.252,5.497,318.686,0,5.51,5.513,NA,13
"5/24/2022 8:31:58 AM",1.99,29.571,50.758,80.229,72898.1,1033.761,33.753,0.172,0.172,0.116,8.318,96.136,5.49,267.795,0,5.502,5.506,NA,13
"5/24/2022 8:31:58 AM",2.162,29.572,50.766,80.241,72906.9,1033.767,33.758,0.211,0.211,0.233,8.318,96.102,5.488,244.091,0,5.5,5.504,NA,13
"5/24/2022 8:31:58 AM",2.416,29.572,50.772,80.249,72914.9,1033.773,33.763,0.203,0.203,0.218,8.318,96.012,5.483,258.789,0,5.495,5.498,NA,13
"5/24/2022 8:31:58 AM",2.581,29.571,50.777,80.255,72921.5,1033.778,33.767,0.156,0.156,0.116,8.32,95.925,5.477,291.668,0,5.49,5.493,NA,13
"5/24/2022 8:31:59 AM",2.758,29.571,50.795,80.279,72943.6,1033.792,33.78,0.094,0.094,0,8.321,95.832,5.472,233.895,0,5.484,5.487,NA,13
"5/24/2022 8:31:59 AM",2.923,29.57,50.798,80.283,72948.2,1033.796,33.783,0,0,0,8.321,95.766,5.467,178.416,0,5.48,5.483,NA,13
"5/24/2022 8:31:59 AM",3.085,29.57,50.8,80.285,72950.8,1033.798,33.785,0,0,0,8.32,95.738,5.466,149.19,0,5.478,5.482,NA,13
"5/24/2022 8:31:59 AM",3.3,29.569,50.808,80.295,72960.7,1033.805,33.791,0.109,0.109,0.073,8.321,95.552,5.455,125.656,0,5.467,5.471,NA,13
"5/24/2022 8:31:59 AM",3.436,29.568,50.809,80.294,72962,1033.807,33.792,0.25,0.25,0.408,8.323,95.546,5.454,149.53,0,5.466,5.47,NA,13
"5/24/2022 8:32:00 AM",3.564,29.568,50.814,80.302,72968.5,1033.811,33.796,0.133,0.133,0.116,8.323,95.6,5.457,157.006,0,5.469,5.473,NA,13
"5/24/2022 8:32:00 AM",3.698,29.568,50.815,80.303,72970,1033.813,33.797,0.055,0.055,0,8.323,95.509,5.452,154.967,0,5.464,5.468,NA,13
"5/24/2022 8:32:00 AM",3.9,29.571,50.818,80.311,72973.3,1033.815,33.798,0.047,0.047,0,8.324,95.443,5.448,129.14,0,5.461,5.464,NA,13
"5/24/2022 8:32:00 AM",4.04,29.572,50.817,80.312,72972,1033.814,33.797,0.055,0.055,0,8.324,95.431,5.447,113.167,0,5.46,5.463,NA,13
"5/24/2022 8:32:00 AM",4.171,29.572,50.814,80.308,72968.7,1033.813,33.795,0.101,0.101,0.015,8.323,95.495,5.451,100.083,0,5.464,5.467,NA,13
"5/24/2022 8:32:01 AM",4.294,29.573,50.814,80.308,72967.6,1033.812,33.794,0.234,0.234,0.349,8.324,95.306,5.441,105.096,0,5.453,5.456,NA,13
"5/24/2022 8:32:01 AM",4.49,29.573,50.821,80.318,72976.4,1033.818,33.799,0.117,0.117,0.087,8.325,95.222,5.435,132.708,0,5.447,5.451,NA,13
"5/24/2022 8:32:01 AM",4.631,29.573,50.819,80.316,72974.5,1033.818,33.798,0,0,0,8.324,95.269,5.438,104.841,0,5.45,5.454,NA,13
"5/24/2022 8:32:01 AM",4.777,29.573,50.818,80.314,72972.8,1033.817,33.797,0,0,0,8.322,95.284,5.439,79.523,0,5.451,5.454,NA,13
"5/24/2022 8:32:01 AM",4.925,29.573,50.819,80.316,72974.4,1033.819,33.798,0,0,0,8.324,95.302,5.44,60.577,0,5.452,5.455,NA,13
"5/24/2022 8:32:02 AM",5.065,29.572,50.822,80.319,72978.2,1033.822,33.8,0,0,0,8.324,95.288,5.439,44.264,0,5.451,5.455,NA,13
"5/24/2022 8:32:02 AM",5.277,29.571,50.826,80.323,72983.3,1033.826,33.804,0,0,0.393,8.325,95.203,5.434,33.474,0,5.446,5.45,NA,13
"5/24/2022 8:32:02 AM",5.42,29.573,50.824,80.324,72981.5,1033.825,33.802,0.694,0.694,1.588,8.325,95.242,5.436,34.409,0,5.448,5.452,NA,13
"5/24/2022 8:32:02 AM",5.557,29.571,50.825,80.321,72982.1,1033.827,33.803,0.554,0.554,1.063,8.324,95.231,5.435,37.552,0,5.448,5.451,NA,13
"5/24/2022 8:32:02 AM",5.696,29.569,50.826,80.321,72984.5,1033.829,33.805,0.179,0.179,0.291,8.324,95.109,5.429,39.506,0,5.441,5.444,NA,13
"5/24/2022 8:32:03 AM",5.905,29.568,50.825,80.318,72983.4,1033.83,33.804,0,0,0,8.324,95.081,5.427,41.206,0,5.439,5.442,NA,13
"5/24/2022 8:32:03 AM",6.047,29.567,50.825,80.316,72983.4,1033.83,33.805,0.211,0.211,0.364,8.324,94.992,5.422,41.121,0,5.434,5.438,NA,13
"5/24/2022 8:32:03 AM",6.184,29.564,50.828,80.316,72987.5,1033.834,33.808,0.07,0.07,0,8.324,95.064,5.426,40.951,0,5.438,5.442,NA,13
"5/24/2022 8:32:03 AM",6.325,29.564,50.83,80.319,72990.6,1033.837,33.81,0,0,0,8.324,95.063,5.426,40.101,0,5.438,5.442,NA,13
"5/24/2022 8:32:03 AM",6.535,29.565,50.833,80.325,72994,1033.839,33.811,0.655,0.655,1.413,8.324,95.042,5.425,46.388,0,5.437,5.44,NA,13
"5/24/2022 8:32:04 AM",6.674,29.565,50.836,80.329,72997.7,1033.842,33.814,0.429,0.429,0.918,8.324,95.005,5.422,55.819,0,5.434,5.438,NA,13
"5/24/2022 8:32:04 AM",6.817,29.564,50.846,80.341,73009.9,1033.85,33.821,0.218,0.218,0.408,8.323,95,5.422,61.851,0,5.434,5.437,NA,13
"5/24/2022 8:32:04 AM",6.963,29.563,50.859,80.358,73026.5,1033.861,33.832,0.226,0.226,0.422,8.323,95.078,5.426,67.883,0,5.438,5.441,NA,13
"5/24/2022 8:32:04 AM",7.105,29.563,50.859,80.358,73027,1033.862,33.832,0.07,0.07,0,8.324,95.102,5.427,68.818,0,5.439,5.443,NA,13
"5/24/2022 8:32:05 AM",7.331,29.562,50.862,80.361,73030.7,1033.866,33.834,0,0,0,8.323,95.045,5.424,60.662,0,5.436,5.439,NA,13
"5/24/2022 8:32:05 AM",7.477,29.563,50.862,80.361,73030.6,1033.866,33.834,0,0,0,8.324,95.029,5.423,49.957,0,5.435,5.438,NA,13
"5/24/2022 8:32:05 AM",7.618,29.563,50.864,80.365,73033.4,1033.868,33.836,0,0,0,8.323,95.031,5.423,39.422,0,5.435,5.439,NA,13
"5/24/2022 8:32:05 AM",7.753,29.564,50.864,80.365,73032.7,1033.868,33.835,0,0,0,8.323,94.92,5.417,32.795,0,5.429,5.432,NA,13
"5/24/2022 8:32:05 AM",7.889,29.564,50.863,80.366,73032.5,1033.868,33.835,0,0,0.32,8.323,94.954,5.419,29.566,0,5.431,5.434,NA,13
"5/24/2022 8:32:06 AM",8.094,29.564,50.856,80.356,73023.9,1033.864,33.83,0,0,0.087,8.324,94.999,5.421,25.488,0,5.434,5.437,NA,13
"5/24/2022 8:32:06 AM",8.219,29.566,50.85,80.35,73015.2,1033.859,33.824,0,0,0,8.324,94.93,5.418,21.835,0,5.43,5.433,NA,13
"5/24/2022 8:32:06 AM",8.358,29.567,50.849,80.35,73014.9,1033.859,33.823,0.023,0.023,0.364,8.323,94.941,5.418,19.541,0,5.43,5.434,NA,13
"5/24/2022 8:32:06 AM",8.511,29.567,50.848,80.348,73012.7,1033.858,33.822,0.047,0.047,0.102,8.323,94.956,5.419,19.966,0,5.431,5.435,NA,13
"5/24/2022 8:32:06 AM",8.717,29.566,50.85,80.35,73016.3,1033.861,33.824,0.593,0.593,1.107,8.321,94.992,5.421,32.965,0,5.433,5.437,NA,13
"5/24/2022 8:32:07 AM",8.853,29.566,50.852,80.352,73018.2,1033.863,33.825,1.849,1.849,4.157,8.321,94.893,5.416,51.061,0,5.428,5.431,NA,13
"5/24/2022 8:32:07 AM",8.992,29.566,50.851,80.351,73017.1,1033.863,33.825,0.959,0.959,2.113,8.322,95.02,5.423,73.745,0,5.435,5.438,NA,13
"5/24/2022 8:32:07 AM",9.14,29.565,50.85,80.35,73016.9,1033.864,33.825,0.413,0.413,0.786,8.323,95.055,5.425,96.09,0,5.437,5.44,NA,13
"5/24/2022 8:32:07 AM",9.275,29.565,50.851,80.351,73018.2,1033.865,33.826,0.203,0.203,0.393,8.323,95.008,5.422,101.018,0,5.434,5.438,NA,13
"5/24/2022 8:32:07 AM",9.386,29.564,50.853,80.353,73020.5,1033.867,33.827,0.281,0.281,0.612,8.324,94.99,5.421,187.252,0,5.433,5.437,NA,13
"5/24/2022 8:32:08 AM",9.383,29.565,50.852,80.352,73019.4,1033.866,33.826,0.133,0.133,0.233,8.324,94.884,5.415,216.394,0,5.427,5.43,NA,13
"5/24/2022 8:32:08 AM",9.329,29.565,50.853,80.353,73019.7,1033.866,33.826,0.07,0.07,0.015,8.324,94.939,5.418,201.611,0,5.43,5.434,NA,13
"5/24/2022 8:32:08 AM",9.258,29.566,50.857,80.36,73024.4,1033.868,33.829,0.086,0.086,0.058,8.325,95.082,5.426,217.498,0,5.438,5.442,NA,13
"5/24/2022 8:32:08 AM",9.141,29.566,50.855,80.358,73022.3,1033.867,33.828,0.07,0.07,0.087,8.326,94.99,5.421,210.361,0,5.433,5.437,NA,13
"5/24/2022 8:32:08 AM",8.903,29.565,50.856,80.358,73024.3,1033.867,33.829,0.062,0.062,0.044,8.328,95.021,5.423,236.274,0,5.435,5.438,NA,13
"5/24/2022 8:32:09 AM",8.723,29.565,50.857,80.36,73025.3,1033.867,33.83,0.062,0.062,0.044,8.327,95.012,5.422,247.659,0,5.434,5.438,NA,13
"5/24/2022 8:32:09 AM",8.54,29.565,50.856,80.357,73023.1,1033.865,33.829,0.062,0.062,0.058,8.328,94.955,5.419,247.489,0,5.431,5.435,NA,13
"5/24/2022 8:32:09 AM",8.356,29.565,50.857,80.358,73024.3,1033.865,33.829,0.101,0.101,0.073,8.328,94.974,5.42,240.692,0,5.433,5.436,NA,13
"5/24/2022 8:32:09 AM",8.071,29.564,50.859,80.36,73027.6,1033.866,33.832,0.078,0.078,0.044,8.329,94.944,5.419,228.798,0,5.431,5.434,NA,13
"5/24/2022 8:32:09 AM",7.877,29.564,50.861,80.361,73029.1,1033.866,33.833,0.055,0.055,0.029,8.329,95.051,5.425,236.104,0,5.437,5.44,NA,13
"5/24/2022 8:32:10 AM",7.689,29.564,50.863,80.364,73031.6,1033.867,33.834,0.062,0.062,0,8.329,94.898,5.416,249.018,0,5.428,5.432,NA,13
"5/24/2022 8:32:10 AM",7.515,29.564,50.867,80.371,73036.8,1033.87,33.838,0.047,0.047,0,8.329,94.874,5.415,234.235,0,5.427,5.43,NA,13
"5/24/2022 8:32:10 AM",7.279,29.566,50.875,80.384,73046.8,1033.874,33.843,0.062,0.062,0,8.329,94.877,5.415,227.014,0,5.427,5.43,NA,13
"5/24/2022 8:32:10 AM",7.105,29.567,50.878,80.39,73050.4,1033.875,33.845,0.07,0.07,0,8.328,94.853,5.413,218.773,0,5.425,5.429,NA,13
"5/24/2022 8:32:10 AM",6.911,29.567,50.892,80.409,73067.5,1033.885,33.856,0.078,0.078,0.029,8.327,94.861,5.413,221.491,0,5.425,5.429,NA,13
"5/24/2022 8:32:11 AM",6.706,29.567,50.89,80.407,73064.8,1033.883,33.854,0.039,0.039,0,8.327,94.864,5.414,240.352,0,5.426,5.429,NA,13
"5/24/2022 8:32:11 AM",6.409,29.567,50.888,80.403,73062.3,1033.88,33.853,0.047,0.047,0.015,8.328,94.992,5.421,254.116,0,5.433,5.437,NA,13
"5/24/2022 8:32:11 AM",6.237,29.567,50.888,80.404,73062.4,1033.879,33.853,0.047,0.047,0,8.327,94.937,5.418,266.945,0,5.43,5.433,NA,13
"5/24/2022 8:32:11 AM",6.094,29.567,50.889,80.404,73062.9,1033.879,33.853,0.055,0.055,0.015,8.328,94.972,5.42,257.599,0,5.432,5.435,NA,13
"5/24/2022 8:32:11 AM",5.96,29.567,50.888,80.402,73061.6,1033.878,33.852,0.086,0.086,0.058,8.329,94.999,5.421,232.196,0,5.433,5.437,NA,13
"5/24/2022 8:32:12 AM",5.832,29.568,50.885,80.4,73058.2,1033.875,33.85,0.125,0.125,0.015,8.328,94.867,5.414,225.145,0,5.426,5.429,NA,13
"5/24/2022 8:32:12 AM",5.604,29.568,50.88,80.393,73051.8,1033.87,33.846,0.07,0.07,0.044,8.327,94.957,5.419,211.381,0,5.431,5.435,NA,13
"5/24/2022 8:32:12 AM",5.43,29.566,50.877,80.385,73047.4,1033.867,33.844,0.047,0.047,0,8.328,94.967,5.42,230.072,0,5.432,5.435,NA,13
"5/24/2022 8:32:12 AM",5.29,29.564,50.876,80.381,73046.8,1033.867,33.844,0.023,0.023,0,8.328,94.995,5.421,254.626,0,5.433,5.437,NA,13
"5/24/2022 8:32:12 AM",5.172,29.564,50.875,80.38,73045.5,1033.866,33.844,0.039,0.039,0,8.327,95.046,5.424,245.79,0,5.436,5.44,NA,13
"5/24/2022 8:32:13 AM",5.02,29.565,50.874,80.38,73044.2,1033.864,33.843,0.086,0.086,0.029,8.327,94.968,5.42,192.435,0,5.432,5.435,NA,13
"5/24/2022 8:32:13 AM",4.925,29.565,50.871,80.376,73040.4,1033.861,33.84,0.062,0.062,0,8.326,94.964,5.419,191.33,0,5.431,5.435,NA,13
"5/24/2022 8:32:13 AM",4.828,29.564,50.869,80.372,73038,1033.86,33.839,0.031,0.031,0,8.325,95.055,5.425,214.44,0,5.437,5.44,NA,13
"5/24/2022 8:32:13 AM",4.722,29.563,50.87,80.371,73038.6,1033.86,33.84,0.055,0.055,0,8.324,95.041,5.424,218.263,0,5.436,5.439,NA,13
"5/24/2022 8:32:14 AM",4.555,29.564,50.869,80.371,73037.9,1033.859,33.839,0.055,0.055,0.015,8.323,95.085,5.426,206.538,0,5.438,5.441,NA,13
"5/24/2022 8:32:14 AM",4.428,29.563,50.87,80.371,73039.4,1033.859,33.841,0.023,0.023,0,8.323,95.024,5.422,240.862,0,5.434,5.438,NA,13
"5/24/2022 8:32:14 AM",4.32,29.564,50.864,80.364,73031.9,1033.854,33.836,0.031,0.031,0,8.323,95.199,5.433,279.094,0,5.445,5.448,NA,13
"5/24/2022 8:32:14 AM",4.218,29.564,50.861,80.359,73027.1,1033.851,33.833,0.07,0.07,0,8.322,94.974,5.42,253.776,0,5.432,5.435,NA,13
"5/24/2022 8:32:14 AM",4.107,29.563,50.861,80.358,73027.1,1033.85,33.833,0.133,0.133,0,8.322,95.133,5.429,199.826,0,5.441,5.444,NA,13
"5/24/2022 8:32:15 AM",3.938,29.563,50.861,80.358,73027.1,1033.85,33.833,0.047,0.047,0,8.323,95.177,5.431,200.846,0,5.444,5.447,NA,13
"5/24/2022 8:32:15 AM",3.834,29.563,50.862,80.359,73028.7,1033.851,33.834,0.016,0.016,0,8.323,95.146,5.43,208.662,0,5.442,5.445,NA,13
"5/24/2022 8:32:15 AM",3.728,29.563,50.862,80.361,73029.3,1033.85,33.834,0.031,0.031,0,8.323,95.164,5.43,211.126,0,5.442,5.446,NA,13
"5/24/2022 8:32:15 AM",3.62,29.564,50.863,80.363,73029.9,1033.85,33.835,0.062,0.062,0.015,8.323,95.2,5.433,195.748,0,5.445,5.448,NA,13
"5/24/2022 8:32:15 AM",3.5,29.565,50.86,80.36,73026.1,1033.847,33.832,0.062,0.062,0.015,8.323,95.115,5.427,197.108,0,5.439,5.443,NA,13
"5/24/2022 8:32:16 AM",3.321,29.565,50.86,80.36,73025.5,1033.846,33.832,0.055,0.055,0.015,8.322,95.206,5.433,192.265,0,5.445,5.448,NA,13
"5/24/2022 8:32:16 AM",3.231,29.568,50.86,80.364,73025.5,1033.845,33.831,0.047,0.047,0.015,8.323,95.37,5.442,187.422,0,5.454,5.458,NA,13
"5/24/2022 8:32:16 AM",3.16,29.569,50.864,80.371,73029.8,1033.847,33.833,0.055,0.055,0,8.323,95.338,5.44,178.756,0,5.452,5.456,NA,13
"5/24/2022 8:32:16 AM",3.099,29.57,50.865,80.375,73031.8,1033.847,33.834,0.016,0.016,0,8.322,95.418,5.445,173.744,0,5.457,5.46,NA,13
"5/24/2022 8:32:16 AM",2.998,29.568,50.864,80.371,73030.6,1033.847,33.834,0.078,0.078,0.058,8.322,95.395,5.443,201.611,0,5.455,5.459,NA,13
"5/24/2022 8:32:17 AM",2.923,29.568,50.861,80.365,73026.6,1033.844,33.832,0.078,0.078,0.015,8.322,95.439,5.446,227.863,0,5.458,5.462,NA,13
"5/24/2022 8:32:17 AM",2.84,29.567,50.86,80.362,73025.1,1033.843,33.831,0.101,0.101,0.058,8.322,95.369,5.442,225.569,0,5.454,5.457,NA,13
"5/24/2022 8:32:17 AM",2.76,29.566,50.855,80.354,73018.8,1033.839,33.827,0.039,0.039,0.015,8.323,95.593,5.455,206.029,0,5.467,5.471,NA,13
"5/24/2022 8:32:17 AM",2.675,29.565,50.856,80.354,73019.9,1033.84,33.828,0.023,0.023,0,8.322,95.549,5.452,213.25,0,5.464,5.468,NA,13
"5/24/2022 8:32:17 AM",2.557,29.565,50.852,80.35,73015.9,1033.837,33.826,0,0,0,8.322,95.514,5.45,187.932,0,5.463,5.466,NA,13
"5/24/2022 8:32:18 AM",2.48,29.565,50.849,80.345,73012.3,1033.834,33.824,0,0,0,8.323,95.618,5.456,173.149,0,5.469,5.472,NA,13
"5/24/2022 8:32:18 AM",2.416,29.564,50.847,80.34,73009.2,1033.833,33.822,0.016,0.016,0,8.322,95.593,5.455,163.803,0,5.467,5.471,NA,13
"5/24/2022 8:32:18 AM",2.366,29.564,50.847,80.339,73008.8,1033.832,33.822,0.016,0.016,0,8.322,95.614,5.456,160.32,0,5.468,5.472,NA,13
"5/24/2022 8:32:18 AM",2.307,29.564,50.844,80.336,73006.1,1033.83,33.821,0,0,0,8.321,95.643,5.458,155.307,0,5.47,5.474,NA,13
"5/24/2022 8:32:18 AM",2.22,29.564,50.844,80.336,73006,1033.83,33.821,0.055,0.055,0,8.32,95.742,5.463,144.262,0,5.476,5.479,NA,13
"5/24/2022 8:32:19 AM",2.15,29.564,50.845,80.338,73006.9,1033.83,33.821,0,0,0,8.319,95.727,5.463,135.087,0,5.475,5.478,NA,13
"5/24/2022 8:32:19 AM",2.077,29.565,50.842,80.335,73002.6,1033.827,33.818,0,0,0,8.319,95.717,5.462,127.355,0,5.474,5.478,NA,13
"5/24/2022 8:32:19 AM",2.013,29.565,50.835,80.324,72993.4,1033.821,33.813,0.117,0.117,0.087,8.319,95.692,5.461,123.192,0,5.473,5.477,NA,13
"5/24/2022 8:32:19 AM",1.919,29.564,50.832,80.319,72990,1033.819,33.811,0.086,0.086,0,8.321,95.761,5.465,120.219,0,5.477,5.481,NA,13
"5/24/2022 8:32:19 AM",1.836,29.564,50.829,80.315,72986.5,1033.817,33.809,0.148,0.148,0.146,8.322,95.828,5.469,117.585,0,5.481,5.485,NA,13
"5/24/2022 8:32:20 AM",1.738,29.565,50.826,80.312,72982.4,1033.813,33.806,0.016,0.016,0,8.322,95.879,5.472,124.297,0,5.485,5.488,NA,13
"5/24/2022 8:32:20 AM",1.65,29.564,50.829,80.316,72986.7,1033.816,33.809,0,0,0,8.32,95.903,5.474,125.571,0,5.486,5.489,NA,13
"5/24/2022 8:32:20 AM",1.561,29.564,50.828,80.314,72985.2,1033.815,33.808,0.031,0.031,0,8.321,95.848,5.47,124.807,0,5.483,5.486,NA,13
"5/24/2022 8:32:20 AM",1.473,29.564,50.823,80.306,72979.4,1033.811,33.805,0.078,0.078,0,8.321,95.901,5.474,125.996,0,5.486,5.489,NA,13
"5/24/2022 8:32:20 AM",1.415,29.563,50.822,80.304,72977.8,1033.81,33.804,0,0,0,8.32,95.997,5.479,125.316,0,5.491,5.495,NA,13
"5/24/2022 8:32:21 AM",1.377,29.563,50.821,80.302,72976.1,1033.809,33.803,0,0,0,8.322,95.998,5.479,120.559,0,5.492,5.495,NA,13
"5/24/2022 8:32:21 AM",1.351,29.564,50.822,80.304,72977.2,1033.809,33.803,0,0,0,8.321,95.946,5.476,116.905,0,5.489,5.492,NA,13
"5/24/2022 8:32:21 AM",1.294,29.566,50.821,80.306,72976,1033.807,33.802,0.133,0.133,0.277,8.322,95.994,5.479,118.774,0,5.491,5.495,NA,13
"5/24/2022 8:32:21 AM",1.264,29.566,50.821,80.306,72975.6,1033.807,33.802,0,0,0.349,8.322,95.992,5.479,122.513,0,5.491,5.495,NA,13
"5/24/2022 8:32:21 AM",1.228,29.565,50.821,80.304,72975.8,1033.807,33.802,0,0,0.248,8.319,96.026,5.481,123.787,0,5.493,5.497,NA,13
"5/24/2022 8:32:22 AM",1.182,29.564,50.816,80.297,72970.4,1033.804,33.799,0.078,0.078,0.524,8.319,95.98,5.478,132.113,0,5.491,5.494,NA,13
"5/24/2022 8:32:22 AM",1.12,29.564,50.816,80.297,72970,1033.804,33.799,0.016,0.016,0.16,8.319,96.106,5.486,145.112,0,5.498,5.502,NA,13
"5/24/2022 8:32:22 AM",1.054,29.564,50.815,80.296,72969.3,1033.803,33.799,0,0,0,8.319,96.035,5.482,159.895,0,5.494,5.498,NA,13
"5/24/2022 8:32:22 AM",1.017,29.565,50.816,80.297,72969.7,1033.803,33.799,0,0,0,8.319,96.11,5.486,157.601,0,5.499,5.502,NA,13
"5/24/2022 8:32:22 AM",0.997,29.566,50.816,80.3,72969.7,1033.802,33.798,0,0,0.437,8.319,96.199,5.492,151.739,0,5.504,5.507,NA,13
"5/24/2022 8:32:23 AM",0.981,29.567,50.817,80.303,72970.7,1033.803,33.798,0.172,0.172,0,8.32,96.251,5.495,146.471,0,5.507,5.51,NA,13
"5/24/2022 8:32:23 AM",0.974,29.568,50.817,80.304,72970.4,1033.802,33.798,0.335,0.335,0,8.322,96.127,5.487,142.223,0,5.5,5.503,NA,13
"5/24/2022 8:32:23 AM",0.951,29.569,50.816,80.304,72969.3,1033.801,33.797,0.25,0.25,0.015,8.321,96.18,5.49,145.962,0,5.503,5.506,NA,13
"5/24/2022 8:32:23 AM",0.91,29.569,50.813,80.299,72965.2,1033.799,33.795,0.055,0.055,0,8.32,96.161,5.489,142.393,0,5.502,5.505,NA,13
"5/24/2022 8:32:23 AM",0.868,29.568,50.812,80.296,72963.9,1033.798,33.794,0,0,0,8.32,96.015,5.481,141.544,0,5.493,5.497,NA,13
"5/24/2022 8:32:24 AM",0.821,29.567,50.812,80.296,72964.4,1033.798,33.795,0,0,0,8.32,96.062,5.484,139.59,0,5.496,5.5,NA,13
"5/24/2022 8:32:24 AM",0.767,29.566,50.81,80.291,72962.6,1033.797,33.794,0.07,0.07,0,8.321,96.227,5.493,130.244,0,5.506,5.509,NA,13
"5/24/2022 8:32:24 AM",0.727,29.566,50.811,80.293,72963.2,1033.797,33.794,0,0,0,8.321,96.228,5.494,132.113,0,5.506,5.509,NA,13
"5/24/2022 8:32:24 AM",0.691,29.567,50.809,80.291,72961,1033.796,33.793,0.179,0.179,0,8.321,96.429,5.505,132.623,0,5.518,5.521,NA,13
"5/24/2022 8:32:25 AM",0.642,29.566,50.808,80.287,72959.2,1033.795,33.792,0.304,0.304,0,8.32,96.29,5.497,139.42,0,5.51,5.513,NA,13
"5/24/2022 8:32:25 AM",0.55,29.565,50.806,80.284,72957.5,1033.794,33.791,0.148,0.148,0.146,8.32,96.147,5.489,147.151,0,5.502,5.505,NA,13
"5/24/2022 8:32:25 AM",0.482,29.565,50.806,80.284,72956.9,1033.793,33.791,0,0,0,8.32,96.288,5.498,150.21,0,5.51,5.514,NA,13
"5/24/2022 8:32:25 AM",0.435,29.565,50.807,80.286,72958.6,1033.794,33.792,0,0,0.131,8.32,96.344,5.501,158.366,0,5.513,5.517,NA,13
"5/24/2022 8:32:25 AM",0.385,29.567,50.808,80.289,72958.9,1033.793,33.792,0.016,0.016,0.087,8.319,96.295,5.498,164.398,0,5.51,5.514,NA,13
"5/24/2022 8:32:26 AM",0.329,29.568,50.805,80.287,72955.4,1033.791,33.789,0,0,0,8.32,96.192,5.492,172.384,0,5.505,5.508,NA,13
"5/24/2022 8:32:26 AM",0.269,29.572,50.802,80.289,72951.7,1033.787,33.786,0,0,0.641,8.32,96.298,5.499,166.692,0,5.511,5.514,NA,13
"5/24/2022 8:32:26 AM",0.253,29.573,50.784,80.266,72928.6,1033.772,33.771,0.686,0.686,0,8.321,96.189,5.493,151.739,0,5.505,5.509,NA,13
"5/24/2022 8:32:26 AM",0.257,29.573,50.775,80.253,72917.4,1033.766,33.765,0,0,0.306,8.322,96.309,5.501,146.726,0,5.513,5.516,NA,13
"5/24/2022 8:32:26 AM",0.262,29.572,50.78,80.259,72923.6,1033.77,33.769,0,0,0,8.32,96.331,5.502,145.027,0,5.514,5.518,NA,13
"5/24/2022 8:32:27 AM",0.293,29.573,50.775,80.254,72917.9,1033.766,33.765,0,0,0,8.32,96.19,5.494,137.296,0,5.507,5.51,NA,13
"5/24/2022 8:32:27 AM",0.295,29.571,50.777,80.253,72920,1033.768,33.767,0,0,0,8.319,96.271,5.499,141.629,0,5.512,5.515,NA,13
"5/24/2022 8:32:27 AM",0.286,29.569,50.78,80.254,72924,1033.771,33.77,0,0,0,8.32,96.36,5.504,144.008,0,5.517,5.52,NA,13
"5/24/2022 8:32:27 AM",0.267,29.57,50.78,80.255,72923.9,1033.771,33.77,0,0,0,8.32,96.235,5.498,128.885,0,5.51,5.513,NA,13
"5/24/2022 8:32:27 AM",0.231,29.569,50.779,80.253,72922.5,1033.77,33.769,0,0,0,8.32,96.184,5.495,127.185,0,5.507,5.51,NA,13
"5/24/2022 8:32:28 AM",0.13,29.569,50.776,80.248,72918.7,1033.767,33.767,0,0,0,8.319,96.298,5.501,152.589,0,5.514,5.517,NA,13
"5/24/2022 8:32:28 AM",0.044,29.568,50.776,80.247,72918.6,1033.767,33.767,0,0,0,8.32,96.219,5.497,286.996,0,5.509,5.513,NA,13
"5/24/2022 8:32:28 AM",0,29.569,50.773,80.244,72915.1,1033.764,33.764,0,0,0,8.32,96.321,5.503,213.505,0,5.516,5.519,NA,13
"5/24/2022 8:32:28 AM",0,29.572,50.772,80.248,72914.3,1033.763,33.763,0,0,0,8.32,96.272,5.5,230.412,0,5.513,5.516,NA,13
"5/24/2022 8:32:28 AM",0.047,29.587,50.003,79.215,71953.6,1033.175,33.175,0,0,0,8.319,96.292,5.525,347.572,0,5.538,5.541,NA,13
"5/24/2022 8:32:29 AM",0.054,29.591,50.351,79.7,72387.6,1033.437,33.437,0,0,0,8.319,96.333,5.517,351.31,0,5.53,5.533,NA,13
"5/24/2022 8:32:29 AM",0.068,29.591,50.28,79.601,72298,1033.383,33.383,2.27,2.27,0,8.32,96.364,5.522,255.56,0,5.534,5.537,NA,13
"5/24/2022 8:32:29 AM",0.068,29.59,50.133,79.398,72115.6,1033.273,33.272,2.091,2.091,0,8.319,96.254,5.52,244.6,0,5.532,5.536,NA,13
"5/24/2022 8:32:29 AM",0.064,29.589,50.762,80.259,72899.1,1033.749,33.749,0.445,0.445,0,8.32,96.238,5.5,267.03,0,5.512,5.516,NA,13
"5/24/2022 8:32:29 AM",0.073,29.583,50.764,80.252,72902.4,1033.753,33.753,0,0,2.624,8.32,96.311,5.504,243.751,0,5.517,5.52,NA,13
"5/24/2022 8:32:30 AM",0.056,29.583,50.764,80.252,72902.1,1033.753,33.753,0,0,5.136,8.319,96.326,5.505,229.478,0,5.517,5.521,NA,13
"5/24/2022 8:32:30 AM",0.049,29.579,50.766,80.251,72905.6,1033.756,33.756,2.114,2.114,2.025,8.318,96.361,5.507,299.485,0,5.519,5.523,NA,13
"5/24/2022 8:32:30 AM",0.033,29.582,50.765,80.253,72903.6,1033.754,33.754,0,0,6.204,8.318,96.324,5.505,350.036,0,5.518,5.521,NA,13
"5/24/2022 8:32:30 AM",0.027,29.593,50.751,80.249,72884.9,1033.739,33.739,0,0,3.791,8.319,96.276,5.503,385.549,0,5.515,5.519,NA,13
"5/24/2022 8:32:30 AM",0,29.592,50.76,80.26,72895.8,1033.746,33.746,1.693,1.693,0,8.319,96.387,5.509,283.512,0,5.521,5.524,NA,13
"5/24/2022 8:32:31 AM",0,29.604,50.757,80.274,72890.5,1033.739,33.74,2.574,2.574,2.653,8.32,96.484,5.514,256.155,0,5.527,5.53,NA,13
"5/24/2022 8:32:31 AM",0,29.621,50.791,80.345,72930.9,1033.759,33.759,0.281,0.281,0,8.32,96.562,5.518,248.594,0,5.53,5.534,NA,13
"5/24/2022 8:32:31 AM",0,29.666,50.695,80.28,72806.6,1033.671,33.671,0,0,0,8.32,96.484,5.516,249.443,0,5.529,5.532,NA,13
"5/24/2022 8:32:31 AM",0,29.637,50.717,80.268,72837.8,1033.698,33.698,0,0,0,8.321,96.348,5.508,261.847,0,5.52,5.524,NA,13
"5/24/2022 8:32:31 AM",0.4,29.62,50.716,80.241,72837.6,1033.703,33.703,1.342,1.342,0,8.321,96.399,5.511,258.534,0,5.523,5.527,NA,13
"5/24/2022 8:32:32 AM",0.036,29.604,50.732,80.239,72859.5,1033.721,33.721,0.374,0.374,1.428,8.322,96.468,5.515,257.344,0,5.527,5.531,NA,13
"5/24/2022 8:32:32 AM",0.058,29.583,50.756,80.242,72893.1,1033.747,33.747,0.172,0.172,1.763,8.321,96.464,5.514,276.545,0,5.526,5.53,NA,13
"5/24/2022 8:32:32 AM",0.059,29.577,50.76,80.239,72898.3,1033.752,33.752,0,0,1.909,8.321,96.541,5.518,283.852,0,5.531,5.534,NA,13
"5/24/2022 8:32:32 AM",0.059,29.575,50.762,80.24,72901.4,1033.754,33.754,0.413,0.413,0.422,8.321,96.318,5.506,277.99,0,5.518,5.521,NA,13
"5/24/2022 8:32:32 AM",0.039,29.574,50.773,80.251,72914.2,1033.763,33.763,0.07,0.07,1.078,8.319,96.46,5.514,503.219,0,5.526,5.529,NA,13
"5/24/2022 8:32:33 AM",0,29.575,50.768,80.247,72908.7,1033.759,33.759,0,0,2.215,8.32,96.387,5.51,466.517,0,5.522,5.526,NA,13
"5/24/2022 8:32:33 AM",0,29.589,50.751,80.244,72885.3,1033.74,33.741,2.535,2.535,0,8.321,96.398,5.511,318.941,0,5.524,5.527,NA,13
"5/24/2022 8:32:33 AM",0,29.589,50.742,80.231,72873.9,1033.733,33.734,0,0,0,8.321,96.584,5.524,295.746,0,5.536,5.54,NA,13
"5/24/2022 8:32:33 AM",0,29.593,37.721,61.891,56211.5,1023.907,23.908,0,0,0,8.319,96.572,5.934,323.613,0,5.95,5.951,NA,13
"5/24/2022 8:32:33 AM",0,29.602,7.841,14.876,13508.7,1001.612,1.612,0,0,0,8.32,96.531,6.993,430.833,0,7.014,7.014,NA,13
"5/24/2022 8:32:34 AM",0,29.603,1.775,3.714,3372.1,997.096,0,6.654,6.654,0,8.32,96.66,7.242,521.741,0,7.263,7.263,NA,13
"5/24/2022 8:32:34 AM",0,29.65,5.187,10.154,9211.4,999.624,0,43.676,43.676,0,8.32,96.622,7.105,547.908,0,7.126,7.126,NA,13
"5/24/2022 8:32:34 AM",0,29.69,8.384,15.852,14368.9,1001.988,1.989,0,0,0,8.319,96.562,6.979,583.252,0,7,7,NA,13
"5/24/2022 8:32:34 AM",0,29.66,5.407,10.555,9573.3,999.784,0,0,0,0,8.319,96.57,7.096,873.901,0,7.117,7.116,NA,13
"5/24/2022 8:32:35 AM",0,29.624,5.943,11.514,10451.2,1000.194,0.194,84.396,84.396,0,8.319,96.593,7.077,1134.219,0,7.098,7.098,NA,13
"5/24/2022 8:32:35 AM",0,29.665,1.48,3.132,2840.1,996.858,0,0,0,0,8.318,96.602,7.255,1296.578,0,7.276,7.276,NA,13
"5/24/2022 8:32:35 AM",0,29.706,0.984,2.126,1926.6,996.474,0,506.05,506.05,1257.21,8.319,96.339,7.254,1505.92,0,7.275,7.275,NA,13
"5/24/2022 8:32:35 AM",0,29.559,0.84,1.825,1658.4,996.411,0,386.27,386.27,806.221,8.317,96.62,7.282,1508.044,0,7.303,7.303,NA,13
"5/24/2022 8:32:35 AM",0,29.277,0.775,1.679,1534.3,996.446,0,506.05,506.05,489.886,8.316,96.545,7.278,1619.851,0,7.299,7.299,NA,13
"5/24/2022 8:32:36 AM",0,29.348,0.711,1.548,1412.6,996.377,0,232.291,232.291,229.417,8.313,96.535,7.279,1557.83,0,7.3,7.3,NA,13
"5/24/2022 8:32:36 AM",0,29.156,0.632,1.378,1262.7,996.375,0,130.686,130.686,7.639,8.31,96.477,7.278,1603.114,0,7.299,7.299,NA,13
"5/24/2022 8:32:36 AM",0,29.631,0.583,1.288,1168.8,996.197,0,433.776,433.776,167.662,8.306,96.595,7.289,1514.841,0,7.31,7.31,NA,13
"5/24/2022 8:32:36 AM",0,29.871,0.565,1.254,1132.3,996.111,0,137.254,137.254,0,8.304,96.514,7.283,1556.216,0,7.304,7.304,NA,13
"5/24/2022 8:32:36 AM",0,29.744,0.506,1.126,1019.1,996.105,0,170.423,170.423,0,8.302,96.61,7.293,1501.077,0,7.314,7.314,NA,13
"5/24/2022 8:32:37 AM",0,29.636,0.497,1.103,1001.1,996.13,0,53.739,53.739,0,8.302,96.516,7.285,1538.544,0,7.306,7.306,NA,13
"5/24/2022 8:32:37 AM",0,29.425,0.475,1.052,958.7,996.177,0,28.808,28.808,0,8.299,96.459,7.281,1453.499,0,7.302,7.302,NA,13
"5/24/2022 8:32:37 AM",0,29.422,0.459,1.019,928.6,996.166,0,3.503,3.503,0,8.297,96.553,7.289,1485.274,0,7.31,7.31,NA,13
"5/24/2022 8:32:37 AM",0,29.857,0.436,0.977,882.9,996.019,0,6.467,6.467,0,8.297,96.477,7.284,1405.072,0,7.305,7.306,NA,13
"5/24/2022 8:32:37 AM",0,30.202,0.433,0.976,875.6,995.912,0,0,0,0,8.293,96.586,7.293,1489.013,0,7.314,7.314,NA,13
"5/24/2022 8:32:38 AM",0,30.045,0.411,0.925,832.2,995.943,0,82.454,82.454,0,8.288,96.597,7.294,1348.403,0,7.315,7.315,NA,13
"5/24/2022 8:32:38 AM",0,29.779,0.398,0.893,808.1,996.014,0,25.984,25.984,0,8.285,96.539,7.29,1228.949,0,7.311,7.311,NA,13
"5/24/2022 8:32:38 AM",0,29.527,0.394,0.88,800.4,996.086,0,0,0,0,8.281,96.532,7.29,1132.605,0,7.311,7.311,NA,13
"5/24/2022 8:32:38 AM",0,29.266,0.391,0.87,795.1,996.162,0,2.637,2.637,0,8.278,96.523,7.289,1214.251,0,7.31,7.31,NA,13
"5/24/2022 8:32:38 AM",0,29.17,0.384,0.853,781.1,996.185,0,6.631,6.631,5.94,8.276,96.501,7.287,1232.178,0,7.308,7.308,NA,13
"5/24/2022 8:32:39 AM",0,29.336,0.366,0.815,744.3,996.122,0,0,0,0,8.273,96.559,7.292,1426.567,0,7.313,7.313,NA,13
"5/24/2022 8:32:39 AM",0,29.205,0.363,0.807,738.4,996.158,0,2.925,2.925,0,8.271,96.609,7.296,1544.577,0,7.317,7.317,NA,13
"5/24/2022 8:32:39 AM",0,29.421,0.355,0.793,722.4,996.088,0,3.978,3.978,0,8.268,96.514,7.289,1614.584,0,7.31,7.31,NA,13
"5/24/2022 8:32:39 AM",0,29.691,2.082,4.325,3920.2,997.299,0,0,0,0,8.27,96.494,7.218,1698.355,0,7.239,7.239,NA,13
"5/24/2022 8:32:39 AM",0,29.694,0.863,1.875,1699.8,996.387,0,0,0,0,8.268,96.467,7.264,1711.778,0,7.285,7.285,NA,13
"5/24/2022 8:32:40 AM",0,29.465,0.714,1.558,1418.9,996.344,0,2.832,2.832,0,8.262,96.442,7.269,1450.95,0,7.29,7.29,NA,13
"5/24/2022 8:32:40 AM",0,29.172,0.845,1.821,1668.3,996.53,0,0,0,0,8.254,96.545,7.271,1304.139,0,7.292,7.293,NA,13
"5/24/2022 8:32:40 AM",0,28.869,0.696,1.503,1385.2,996.507,0,2.785,2.785,0,8.244,96.547,7.278,1157.838,0,7.299,7.299,NA,13
"5/24/2022 8:32:40 AM",0,28.694,0.607,1.315,1216,996.492,0,6.826,6.826,0,8.236,96.473,7.275,1197.939,0,7.296,7.296,NA,13
"5/24/2022 8:32:40 AM",0,29.107,0.487,1.071,981.9,996.28,0,5.851,5.851,0.743,8.225,96.572,7.287,1467.943,0,7.308,7.308,NA,13
"5/24/2022 8:32:41 AM",0,29.029,0.459,1.01,927.9,996.282,0,13.441,13.441,8.034,8.218,96.556,7.288,1529.114,0,7.309,7.309,NA,13
"5/24/2022 8:32:41 AM",0,28.882,0.436,0.96,884.2,996.308,0,47.241,47.241,7.477,8.214,96.545,7.287,1512.207,0,7.308,7.308,NA,13
"5/24/2022 8:32:41 AM",0,28.766,0.445,0.975,900.3,996.349,0,21.897,21.897,5.969,8.21,96.657,7.296,1499.803,0,7.317,7.317,NA,13
"5/24/2022 8:32:41 AM",0,28.651,0.403,0.884,818.6,996.351,0,0.788,0.788,10.513,8.219,96.661,7.297,1608.042,0,7.318,7.319,NA,13
"5/24/2022 8:32:41 AM",0,28.574,0.396,0.867,804.2,996.368,0,1.654,1.654,2.419,8.216,96.713,7.302,1513.566,0,7.324,7.324,NA,13
"5/24/2022 8:32:42 AM",0,28.514,0.405,0.887,822.9,996.392,0,2.145,2.145,0,8.213,96.736,7.303,1206.01,0,7.324,7.325,NA,13
"5/24/2022 8:32:42 AM",0,28.449,0.556,1.203,1117.8,996.524,0,0,0,0,8.208,96.713,7.295,867.869,0,7.316,7.316,NA,13
"5/24/2022 8:32:42 AM",0,28.38,0.8,1.702,1583.9,996.727,0,0,0,2.594,8.199,96.654,7.28,761.753,0,7.301,7.301,NA,13
"5/24/2022 8:32:42 AM",0,28.365,1.263,2.628,2447.2,997.079,0,0,0,0.189,8.192,96.629,7.26,916.891,0,7.281,7.281,NA,13
"5/24/2022 8:32:42 AM",0,28.351,1.216,2.535,2360.8,997.048,0,0,0,0,8.186,96.655,7.264,1008.563,0,7.285,7.285,NA,13
"5/24/2022 8:32:43 AM",0,28.301,1.336,2.768,2580.4,997.151,0,0,0,0,8.179,96.66,7.259,452.668,0,7.28,7.28,NA,13
"5/24/2022 8:32:43 AM",0,28.231,1.262,2.62,2445.9,997.117,0,0,0,0,8.174,96.654,7.262,248.679,0,7.283,7.283,NA,13
"5/24/2022 8:32:43 AM",0,28.143,0.594,1.273,1190.8,996.641,0,0,0,0,8.169,96.648,7.288,290.309,0,7.309,7.309,NA,13
"5/24/2022 8:32:43 AM",0,28.13,0.519,1.118,1046.4,996.588,0,0,0,0,8.166,96.599,7.286,296.851,0,7.308,7.308,NA,13
"5/24/2022 8:32:44 AM",0,28.144,0.49,1.058,989.6,996.562,0,0.031,0.031,2.521,8.163,96.535,7.283,295.662,0,7.304,7.305,NA,13
"5/24/2022 8:32:44 AM",0,28.174,0.432,0.936,875.2,996.51,0,1.053,1.053,4.098,8.163,96.563,7.287,316.817,0,7.308,7.308,NA,13
"5/24/2022 8:32:44 AM",0,28.211,0.405,0.88,822.2,996.479,0,2.239,2.239,8.635,8.162,96.646,7.295,329.646,0,7.316,7.316,NA,13
"5/24/2022 8:32:44 AM",0,28.23,0.375,0.817,762.9,996.451,0,2.941,2.941,13.586,8.161,96.625,7.294,329.306,0,7.315,7.315,NA,13
"5/24/2022 8:32:44 AM",0,28.218,0.36,0.787,734.6,996.444,0,1.896,1.896,9.735,8.164,96.64,7.296,328.031,0,7.317,7.317,NA,13
"5/24/2022 8:32:45 AM",0,28.313,0.545,1.176,1095.7,996.555,0,21.756,21.756,23.103,8.202,96.686,7.292,324.888,0,7.313,7.313,NA,13
"5/24/2022 8:32:45 AM",0,29.514,1.856,3.867,3518.1,997.184,0,8.947,8.947,13.13,8.299,96.689,7.24,327.097,0,7.261,7.261,NA,13
"5/24/2022 8:32:45 AM",0,30.097,1.766,3.731,3354.9,996.94,0,2.894,2.894,8.738,8.412,96.622,7.238,312.739,0,7.259,7.259,NA,13
"5/24/2022 8:32:45 AM",0,30.161,1.786,3.774,3389.3,996.935,0,2.535,2.535,8.635,8.459,96.628,7.238,320.47,0,7.259,7.259,NA,13
"5/24/2022 8:32:45 AM",0,30.174,1.681,3.567,3202,996.853,0,2.184,2.184,8.371,8.489,96.591,7.24,341.2,0,7.261,7.261,NA,13
"5/24/2022 8:32:46 AM",0,30.181,1.712,3.628,3256.7,996.874,0,1.896,1.896,8.708,8.513,96.698,7.246,357.767,0,7.267,7.267,NA,13
"5/24/2022 8:32:46 AM",0,30.189,1.681,3.567,3201.8,996.848,0,3.347,3.347,9.207,8.535,96.712,7.249,344.684,0,7.27,7.27,NA,13
"5/24/2022 8:32:46 AM",0,30.191,1.663,3.532,3169.7,996.835,0,2.231,2.231,8.591,8.547,96.648,7.243,316.817,0,7.264,7.264,NA,13
"5/24/2022 8:32:46 AM",0,30.194,1.972,4.147,3722.1,997.064,0,2.122,2.122,8.298,8.556,96.683,7.234,325.907,0,7.255,7.255,NA,13
"5/24/2022 8:32:46 AM",0,30.199,1.639,3.484,3126.5,996.814,0,1.95,1.95,8.122,8.562,96.677,7.247,354.539,0,7.268,7.268,NA,13
"5/24/2022 8:32:47 AM",0,30.201,1.665,3.536,3173.1,996.833,0,1.864,1.864,8.005,8.57,96.513,7.233,491.325,0,7.254,7.254,NA,13
"5/24/2022 8:32:47 AM",0,30.204,1.698,3.603,3232.8,996.857,0,2.059,2.059,8.694,8.578,96.614,7.239,677.728,0,7.26,7.26,NA,13
"5/24/2022 8:32:47 AM",0,30.206,1.587,3.38,3032.7,996.773,0,2.169,2.169,8.928,8.581,96.672,7.248,772.968,0,7.269,7.269,NA,13
"5/24/2022 8:32:47 AM",0,30.207,1.651,3.508,3147.7,996.821,0,1.701,1.701,8.694,8.584,96.679,7.246,871.777,0,7.267,7.267,NA,13
"5/24/2022 8:32:47 AM",0,30.209,1.576,3.358,3012.3,996.764,0,1.825,1.825,8.547,8.586,96.654,7.247,910.858,0,7.268,7.268,NA,13
"5/24/2022 8:32:48 AM",0,30.206,1.578,3.362,3016.5,996.767,0,1.872,1.872,8.767,8.59,96.567,7.241,940.17,0,7.262,7.262,NA,13
"5/24/2022 8:32:48 AM",0,30.206,1.563,3.33,2987.9,996.755,0,1.63,1.63,8.738,8.593,96.738,7.254,944.588,0,7.275,7.275,NA,13
"5/24/2022 8:32:48 AM",0,30.202,1.542,3.289,2950.9,996.741,0,1.779,1.779,8.899,8.594,96.577,7.243,939.915,0,7.264,7.264,NA,13
"5/24/2022 8:32:48 AM",0,30.199,1.542,3.289,2951.2,996.742,0,1.95,1.95,8.298,8.596,96.584,7.242,928.615,0,7.263,7.263,NA,13
"5/24/2022 8:32:48 AM",0,30.199,1.566,3.337,2994.1,996.76,0,1.841,1.841,8.21,8.597,96.466,7.233,909.074,0,7.254,7.254,NA,13
"5/24/2022 8:32:49 AM",0,30.196,1.557,3.318,2977.3,996.754,0,1.911,1.911,8.884,8.598,96.562,7.241,865.32,0,7.262,7.262,NA,13
"5/24/2022 8:32:49 AM",0,30.195,1.553,3.31,2970.9,996.751,0,1.747,1.747,8.752,8.599,96.61,7.244,855.549,0,7.265,7.265,NA,13
"5/24/2022 8:32:49 AM",0,30.196,1.529,3.262,2927.5,996.733,0,1.521,1.521,8.547,8.6,96.733,7.254,832.015,0,7.275,7.275,NA,13
"5/24/2022 8:32:49 AM",0,30.196,1.535,3.273,2937.3,996.737,0,1.459,1.459,8.723,8.599,96.695,7.252,810.52,0,7.273,7.273,NA,13
"5/24/2022 8:32:49 AM",0,30.199,1.524,3.253,2918.8,996.729,0,1.552,1.552,8.899,8.6,96.708,7.253,786.817,0,7.274,7.274,NA,13
"5/24/2022 8:32:50 AM",0,30.199,1.522,3.248,2914.7,996.727,0,1.74,1.74,8.855,8.6,96.71,7.253,777.131,0,7.274,7.274,NA,13
"5/24/2022 8:32:50 AM",0,30.193,1.516,3.236,2904.2,996.725,0,1.857,1.857,8.034,8.6,96.69,7.252,772.118,0,7.273,7.273,NA,13
"5/24/2022 8:32:50 AM",0,30.188,1.519,3.241,2909.2,996.728,0,1.662,1.662,8.21,8.6,96.635,7.247,772.883,0,7.268,7.268,NA,13
"5/24/2022 8:32:50 AM",0,30.185,1.511,3.225,2894.6,996.723,0,1.997,1.997,8.107,8.599,96.629,7.247,776.706,0,7.268,7.268,NA,13
"5/24/2022 8:32:50 AM",0,30.186,1.506,3.214,2884.7,996.718,0,1.56,1.56,8.371,8.598,96.719,7.254,797.776,0,7.275,7.275,NA,13
"5/24/2022 8:32:51 AM",0,30.185,1.504,3.21,2881.4,996.718,0,1.825,1.825,8.679,8.598,96.781,7.258,832.695,0,7.28,7.279,NA,13
"5/24/2022 8:32:51 AM",0,30.196,1.5,3.203,2874.3,996.711,0,1.584,1.584,8.298,8.597,96.694,7.252,890.978,0,7.273,7.273,NA,13
"5/24/2022 8:32:51 AM",0,30.205,1.493,3.189,2861.2,996.703,0,1.833,1.833,7.756,8.595,96.588,7.245,1006.099,0,7.266,7.266,NA,13
"5/24/2022 8:32:51 AM",0,30.206,1.479,3.161,2836.2,996.692,0,1.646,1.646,8.078,8.595,96.55,7.242,1179.333,0,7.263,7.263,NA,13
"5/24/2022 8:32:51 AM",0,30.207,1.471,3.144,2821,996.686,0,1.872,1.872,8.019,8.593,96.664,7.251,1331.072,0,7.272,7.272,NA,13
"5/24/2022 8:32:52 AM",0,30.208,1.445,3.093,2774.9,996.667,0,1.794,1.794,8.459,8.591,96.74,7.257,1488.928,0,7.278,7.278,NA,13
"5/24/2022 8:32:52 AM",0,30.203,1.442,3.086,2768.9,996.666,0,1.701,1.701,8.928,8.589,96.637,7.25,1622.06,0,7.271,7.271,NA,13
"5/24/2022 8:32:52 AM",0,30.191,1.432,3.064,2750.2,996.662,0,1.74,1.74,8.313,8.588,96.699,7.255,1727.581,0,7.276,7.276,NA,13
"5/24/2022 8:32:52 AM",0,30.187,1.42,3.04,2728.8,996.654,0,1.802,1.802,8.474,8.587,96.656,7.252,1823.926,0,7.273,7.273,NA,13
"5/24/2022 8:32:52 AM",0,30.188,1.417,3.036,2724.6,996.652,0,1.802,1.802,8.459,8.584,96.769,7.261,1865.386,0,7.282,7.282,NA,13
"5/24/2022 8:32:53 AM",0,30.185,1.418,3.036,2725.5,996.654,0,1.755,1.755,8.577,8.583,96.584,7.247,1886.032,0,7.268,7.268,NA,13
"5/24/2022 8:37:14 AM",0.387,29.572,50.522,79.906,72602.9,1033.575,33.573,0.008,0.008,0,8.093,95.228,5.399,487.077,0,5.41,5.414,NA,13
"5/24/2022 8:37:14 AM",0.387,29.574,50.522,79.907,72602,1033.574,33.572,0.031,0.031,0,8.114,95.251,5.4,575.775,0,5.412,5.415,NA,13
"5/24/2022 8:37:14 AM",0.372,29.575,50.516,79.902,72594.3,1033.569,33.567,0.14,0.14,0.189,8.131,95.13,5.393,499.651,0,5.405,5.408,NA,13
"5/24/2022 8:37:14 AM",0.34,29.573,50.518,79.902,72597.7,1033.571,33.57,0.133,0.133,0.189,8.151,95.007,5.386,509.591,0,5.398,5.401,NA,13
"5/24/2022 8:37:15 AM",0.29,29.571,50.521,79.902,72601.7,1033.574,33.573,0.218,0.218,0.189,8.165,95.16,5.395,536.184,0,5.406,5.41,NA,13
"5/24/2022 8:37:15 AM",0.227,29.57,50.527,79.908,72608.6,1033.579,33.578,0.172,0.172,0.116,8.178,95.16,5.395,485.548,0,5.407,5.41,NA,13
"5/24/2022 8:37:15 AM",0.148,29.571,50.533,79.919,72615.8,1033.582,33.582,0.078,0.078,0.116,8.19,94.96,5.383,580.363,0,5.395,5.398,NA,13
"5/24/2022 8:37:15 AM",0.038,29.575,50.535,79.928,72618.4,1033.582,33.582,0,0,0,8.209,95.093,5.39,405.685,0,5.402,5.405,NA,13
"5/24/2022 8:37:15 AM",0,29.579,50.536,79.933,72618.8,1033.581,33.581,0,0,0,8.222,95.09,5.39,323.613,0,5.402,5.405,NA,13
"5/24/2022 8:37:16 AM",0.072,29.576,50.537,79.932,72620.8,1033.584,33.583,0,0,0,8.231,95.124,5.392,248.933,0,5.404,5.407,NA,13
"5/24/2022 8:37:16 AM",0.151,29.577,50.529,79.921,72610.4,1033.577,33.577,0.242,0.242,0,8.241,95.074,5.39,180.201,0,5.402,5.405,NA,13
"5/24/2022 8:37:16 AM",0.233,29.574,50.524,79.911,72604.6,1033.575,33.574,0,0,0.845,8.251,95.036,5.387,153.863,0,5.399,5.402,NA,13
"5/24/2022 8:37:16 AM",0.391,29.573,50.521,79.906,72601.8,1033.574,33.572,0,0,0.262,8.263,95.146,5.394,106.03,0,5.406,5.409,NA,13
"5/24/2022 8:37:16 AM",0.49,29.571,50.524,79.906,72605.1,1033.577,33.575,1.147,1.147,5.18,8.27,95.098,5.391,119.794,0,5.403,5.406,NA,13
"5/24/2022 8:37:17 AM",0.59,29.569,50.53,79.912,72612.5,1033.582,33.58,0.85,0.85,2.521,8.277,95.179,5.395,194.729,0,5.407,5.41,NA,13
"5/24/2022 8:37:17 AM",0.681,29.567,50.536,79.916,72620.4,1033.588,33.586,0.234,0.234,0.641,8.281,95.097,5.391,211.636,0,5.402,5.406,NA,13
"5/24/2022 8:37:17 AM",0.782,29.565,50.536,79.914,72620.7,1033.589,33.586,0.148,0.148,0.364,8.289,94.972,5.384,225.23,0,5.396,5.399,NA,13
"5/24/2022 8:37:17 AM",0.818,29.565,50.539,79.919,72625.3,1033.592,33.589,0.109,0.109,0.175,8.292,94.978,5.384,238.059,0,5.396,5.399,NA,13
"5/24/2022 8:37:18 AM",0.832,29.566,50.535,79.915,72620.4,1033.589,33.586,0.086,0.086,0.102,8.296,95.041,5.388,212.825,0,5.4,5.403,NA,13
"5/24/2022 8:37:18 AM",0.818,29.567,50.534,79.915,72618.7,1033.588,33.584,0.078,0.078,0.102,8.3,94.966,5.384,204.244,0,5.395,5.399,NA,13
"5/24/2022 8:37:18 AM",0.806,29.568,50.532,79.913,72615.5,1033.585,33.582,0.062,0.062,0.044,8.302,95.007,5.386,210.616,0,5.398,5.401,NA,13
"5/24/2022 8:37:18 AM",0.757,29.568,50.534,79.916,72618,1033.587,33.584,0.086,0.086,0.073,8.306,95.037,5.387,201.611,0,5.399,5.402,NA,13
"5/24/2022 8:37:18 AM",0.705,29.568,50.535,79.917,72619.6,1033.588,33.585,0.07,0.07,0.015,8.307,95.05,5.389,198.807,0,5.4,5.404,NA,13
"5/24/2022 8:37:19 AM",0.655,29.569,50.538,79.922,72623.2,1033.589,33.587,0.07,0.07,0.044,8.309,95.147,5.394,193.115,0,5.406,5.409,NA,13
"5/24/2022 8:37:19 AM",0.618,29.568,50.537,79.921,72622.2,1033.589,33.586,0.086,0.086,0.073,8.311,95.014,5.387,193.624,0,5.398,5.402,NA,13
"5/24/2022 8:37:19 AM",0.592,29.567,50.541,79.925,72627.5,1033.592,33.59,0.047,0.047,0.131,8.313,95.03,5.387,200.081,0,5.399,5.402,NA,13
"5/24/2022 8:37:19 AM",0.582,29.565,50.542,79.924,72628.8,1033.593,33.591,0.031,0.031,0,8.316,94.841,5.377,199.062,0,5.389,5.392,NA,13
"5/24/2022 8:37:19 AM",0.597,29.566,50.546,79.929,72633,1033.596,33.593,0.016,0.016,0,8.317,94.862,5.378,209.512,0,5.39,5.393,NA,13
"5/24/2022 8:37:20 AM",0.61,29.566,50.542,79.923,72628,1033.593,33.59,0,0,0,8.318,94.85,5.378,210.192,0,5.389,5.393,NA,13
"5/24/2022 8:37:20 AM",0.63,29.566,50.541,79.923,72627,1033.592,33.59,0.07,0.07,0,8.319,94.836,5.377,185.723,0,5.388,5.391,NA,13
"5/24/2022 8:37:20 AM",0.622,29.566,50.538,79.919,72623.2,1033.59,33.587,0.062,0.062,0.073,8.319,94.986,5.385,191.16,0,5.397,5.4,NA,13
"5/24/2022 8:37:20 AM",0.61,29.567,50.541,79.923,72626.7,1033.592,33.589,0,0,0,8.321,94.965,5.385,181.05,0,5.397,5.4,NA,13
"5/24/2022 8:37:20 AM",0.59,29.566,50.541,79.923,72627,1033.592,33.59,0.039,0.039,0.044,8.321,94.997,5.386,171.11,0,5.398,5.401,NA,13
"5/24/2022 8:37:21 AM",0.564,29.566,50.541,79.923,72626.6,1033.592,33.589,0.031,0.031,0,8.322,95,5.386,166.352,0,5.398,5.401,NA,13
"5/24/2022 8:37:21 AM",0.55,29.567,50.544,79.928,72630.6,1033.594,33.592,0.055,0.055,0.015,8.324,94.858,5.379,164.568,0,5.39,5.393,NA,13
"5/24/2022 8:37:21 AM",0.563,29.566,50.546,79.93,72633.6,1033.596,33.594,0.008,0.008,0,8.324,94.922,5.382,154.628,0,5.394,5.397,NA,13
"5/24/2022 8:37:21 AM",0.58,29.566,50.546,79.93,72633.1,1033.596,33.593,0.031,0.031,0,8.325,94.949,5.384,176.972,0,5.396,5.399,NA,13
"5/24/2022 8:37:21 AM",0.585,29.566,50.545,79.928,72632,1033.595,33.593,0.094,0.094,0.087,8.325,94.921,5.383,187.762,0,5.394,5.398,NA,13
"5/24/2022 8:37:22 AM",0.59,29.567,50.547,79.932,72634.4,1033.597,33.594,0.023,0.023,0,8.326,94.974,5.386,203.735,0,5.397,5.401,NA,13
"5/24/2022 8:37:22 AM",0.613,29.568,50.543,79.929,72629,1033.593,33.59,0.039,0.039,0.131,8.326,95.067,5.392,170.43,0,5.403,5.407,NA,13
"5/24/2022 8:37:22 AM",0.62,29.569,50.541,79.928,72627.3,1033.592,33.589,0.133,0.133,0.218,8.327,94.981,5.387,158.281,0,5.398,5.402,NA,13
"5/24/2022 8:37:22 AM",0.618,29.569,50.542,79.928,72627.9,1033.592,33.589,0.023,0.023,0.029,8.326,94.844,5.379,173.659,0,5.39,5.394,NA,13
"5/24/2022 8:37:22 AM",0.604,29.568,50.545,79.931,72631.4,1033.594,33.592,0.023,0.023,0,8.327,94.926,5.384,196.343,0,5.396,5.399,NA,13
"5/24/2022 8:37:23 AM",0.585,29.566,50.548,79.933,72635.9,1033.597,33.595,0.086,0.086,0.073,8.327,95.041,5.391,171.875,0,5.403,5.406,NA,13
"5/24/2022 8:37:23 AM",0.559,29.565,50.552,79.936,72640.8,1033.601,33.598,0.086,0.086,0.102,8.328,95.178,5.4,192.01,0,5.411,5.415,NA,13
"5/24/2022 8:37:23 AM",0.526,29.565,50.551,79.936,72640.2,1033.6,33.598,0.117,0.117,0.102,8.329,95.135,5.397,203.989,0,5.409,5.412,NA,13
"5/24/2022 8:37:23 AM",0.476,29.566,50.552,79.937,72640.6,1033.6,33.598,0.078,0.078,0.204,8.329,95.177,5.4,215.034,0,5.412,5.415,NA,13
"5/24/2022 8:37:23 AM",0.399,29.566,50.552,79.938,72641.1,1033.6,33.598,0,0,0,8.329,95.211,5.402,233.81,0,5.414,5.417,NA,13
"5/24/2022 8:37:24 AM",0.347,29.567,50.551,79.938,72639.2,1033.598,33.597,0,0,0,8.33,95.255,5.405,234.66,0,5.417,5.42,NA,13
"5/24/2022 8:37:24 AM",0.328,29.569,50.551,79.94,72639.1,1033.598,33.596,0,0,0,8.33,95.296,5.408,252.077,0,5.419,5.423,NA,13
"5/24/2022 8:37:24 AM",0.288,29.569,50.552,79.942,72641,1033.599,33.598,0,0,0,8.33,95.209,5.403,246.215,0,5.414,5.418,NA,13
"5/24/2022 8:37:24 AM",0.26,29.57,50.552,79.943,72640.3,1033.598,33.597,0,0,0.015,8.331,95.313,5.409,222.256,0,5.421,5.424,NA,13
"5/24/2022 8:37:24 AM",0.271,29.569,50.554,79.945,72643.1,1033.6,33.599,0,0,0,8.332,95.276,5.407,239.928,0,5.419,5.422,NA,13
"5/24/2022 8:37:25 AM",0.257,29.568,50.556,79.947,72646,1033.602,33.601,0,0,0,8.332,95.367,5.413,222.171,0,5.424,5.428,NA,13
"5/24/2022 8:37:25 AM",0.252,29.568,50.559,79.95,72648.9,1033.604,33.603,0.055,0.055,0,8.333,95.323,5.41,245.11,0,5.421,5.425,NA,13
"5/24/2022 8:37:25 AM",0.243,29.567,50.561,79.951,72651.5,1033.605,33.604,0,0,0,8.333,95.439,5.417,212.401,0,5.429,5.432,NA,13
"5/24/2022 8:37:25 AM",0.264,29.569,50.557,79.949,72646.1,1033.602,33.601,0,0,0,8.334,95.42,5.416,174.593,0,5.428,5.431,NA,13
"5/24/2022 8:37:25 AM",0.25,29.569,50.555,79.946,72643.8,1033.6,33.599,0,0,2.273,8.333,95.344,5.412,184.364,0,5.424,5.427,NA,13
"5/24/2022 8:37:26 AM",0.224,29.569,50.55,79.939,72637.3,1033.596,33.595,0,0,2.2,8.333,95.501,5.421,166.437,0,5.433,5.436,NA,13
"5/24/2022 8:37:26 AM",0.222,29.568,50.554,79.944,72643.4,1033.6,33.599,0,0,0,8.333,95.521,5.422,158.621,0,5.434,5.438,NA,13
"5/24/2022 8:37:26 AM",0.146,29.568,50.56,79.952,72650.9,1033.604,33.604,0.842,0.842,0.044,8.333,95.547,5.424,177.567,0,5.436,5.439,NA,13
"5/24/2022 8:37:26 AM",0.077,29.568,50.563,79.955,72654,1033.606,33.606,0.413,0.413,0.845,8.334,95.675,5.432,294.387,0,5.444,5.447,NA,13
"5/24/2022 8:37:27 AM",0,29.569,50.562,79.955,72652.3,1033.604,33.605,0,0,0,8.334,95.698,5.434,234.065,0,5.445,5.449,NA,13
"5/24/2022 8:37:27 AM",0,29.575,50.561,79.963,72650.3,1033.601,33.602,0,0,0,8.333,95.777,5.439,212.231,0,5.451,5.454,NA,13
"5/24/2022 8:37:27 AM",0,29.575,50.562,79.964,72652.3,1033.603,33.603,0,0,0,8.334,95.739,5.438,220.217,0,5.45,5.453,NA,13
"5/24/2022 8:37:27 AM",0,29.611,50.531,79.975,72609.2,1033.566,33.567,0,0,0,8.335,95.837,5.445,233.131,0,5.457,5.46,NA,13
"5/24/2022 8:37:27 AM",0,29.612,50.508,79.944,72580.1,1033.548,33.548,0,0,0,8.336,95.805,5.444,244.176,0,5.456,5.46,NA,13
"5/24/2022 8:37:28 AM",0,29.592,50.528,79.942,72607.7,1033.571,33.571,0,0,0,8.336,95.712,5.439,250.633,0,5.451,5.454,NA,13
"5/24/2022 8:37:28 AM",0,29.609,50.55,79.997,72632.4,1033.581,33.581,1.677,1.677,0,8.336,95.713,5.439,261.932,0,5.451,5.454,NA,13
"5/24/2022 8:37:28 AM",0,29.686,50.371,79.864,72399.9,1033.418,33.418,0,0,0.947,8.336,95.627,5.44,282.917,0,5.452,5.455,NA,13
"5/24/2022 8:37:28 AM",0,29.651,50.448,79.919,72500.3,1033.489,33.489,0.055,0.055,0,8.336,95.786,5.447,280.454,0,5.459,5.462,NA,13
"5/24/2022 8:37:28 AM",0,29.602,50.516,79.94,72591.5,1033.558,33.558,0,0,1.53,8.336,95.73,5.442,279.774,0,5.454,5.457,NA,13
"5/24/2022 8:37:29 AM",0,29.588,50.526,79.933,72605.3,1033.57,33.571,0.031,0.031,0.291,8.337,95.923,5.454,296.256,0,5.466,5.47,NA,13
"5/24/2022 8:37:29 AM",0,29.584,50.483,79.87,72552.5,1033.539,33.539,2.013,2.013,0,8.335,96.007,5.462,297.531,0,5.474,5.478,NA,13
"5/24/2022 8:37:29 AM",0,29.579,47.076,75.155,68277.5,1030.962,30.963,0,0,0,8.336,96.237,5.583,313.503,0,5.596,5.599,NA,13
"5/24/2022 8:37:29 AM",0,29.579,50.388,79.73,72434.1,1033.469,33.469,0,0,4.536,8.336,96.066,5.476,380.452,0,5.488,5.491,NA,13
"5/24/2022 8:37:29 AM",0,29.584,50.513,79.912,72590.2,1033.562,33.562,0,0,0,8.336,96.288,5.489,363.29,0,5.501,5.504,NA,13
"5/24/2022 8:37:30 AM",0,29.587,50.515,79.916,72591.5,1033.562,33.563,0,0,0,8.336,96.517,5.505,459.21,0,5.518,5.521,NA,13
"5/24/2022 8:37:30 AM",0,29.574,47.437,75.651,68734.1,1031.237,31.237,0,0,0,8.336,96.547,5.605,734.906,0,5.618,5.621,NA,13
"5/24/2022 8:37:30 AM",0,29.571,50.275,79.564,72294.5,1033.386,33.387,0,0,0,8.336,96.615,5.525,870.162,0,5.537,5.541,NA,13
"5/24/2022 8:37:30 AM",0,29.569,50.546,79.934,72632.9,1033.592,33.593,0,0,0,8.337,96.623,5.518,1024.79,0,5.531,5.534,NA,13
"5/24/2022 8:37:30 AM",0,29.569,50.546,79.934,72632.9,1033.593,33.593,9.86,9.86,2.769,8.338,96.591,5.518,1017.399,0,5.53,5.534,NA,13
"5/24/2022 8:37:31 AM",0,29.568,50.55,79.937,72637.9,1033.596,33.596,16.592,16.592,15.266,8.339,96.667,5.522,987.662,0,5.535,5.538,NA,13
"5/24/2022 8:37:31 AM",0,29.568,50.551,79.939,72639.4,1033.597,33.597,2.465,2.465,0,8.34,96.559,5.516,1035.495,0,5.528,5.531,NA,13
"5/24/2022 8:37:31 AM",0,29.569,50.552,79.942,72640.4,1033.597,33.597,0,0,0,8.337,96.582,5.517,1011.791,0,5.53,5.533,NA,13
"5/24/2022 8:37:31 AM",0,29.573,3.624,7.258,6594.1,998.484,0,0,0,0,8.337,96.581,7.138,1054.441,0,7.159,7.159,NA,13
"5/24/2022 8:37:31 AM",0,29.611,1.384,2.935,2665,996.802,0,7.84,7.84,0,8.336,96.657,7.232,1154.524,0,7.253,7.253,NA,13
"5/24/2022 8:37:32 AM",0,29.86,0.975,2.113,1909.3,996.421,0,51.641,51.641,0,8.335,96.825,7.261,1309.662,0,7.282,7.282,NA,13
"5/24/2022 8:37:32 AM",0,30.272,0.832,1.832,1641.9,996.189,0,25.594,25.594,0,8.335,96.77,7.262,1394.792,0,7.283,7.283,NA,13
"5/24/2022 8:37:32 AM",0,30.342,0.74,1.64,1468,996.099,0,48.029,48.029,0,8.334,96.713,7.262,1520.873,0,7.283,7.283,NA,13
"5/24/2022 8:37:32 AM",0,30.209,0.663,1.473,1321.1,996.082,0,12.06,12.06,0,8.334,96.769,7.269,1564.542,0,7.29,7.29,NA,13
"5/24/2022 8:37:32 AM",0,29.995,0.629,1.395,1256.6,996.122,0,17.31,17.31,0,8.332,96.736,7.267,1656.894,0,7.288,7.288,NA,13
"5/24/2022 8:37:33 AM",0,29.749,0.592,1.309,1185.6,996.168,0,13.074,13.074,25.181,8.331,96.677,7.264,1655.535,0,7.285,7.285,NA,13
"5/24/2022 8:37:33 AM",0,29.758,0.553,1.227,1110.4,996.136,0,30.134,30.134,0,8.328,96.734,7.269,1703.707,0,7.29,7.29,NA,13
"5/24/2022 8:37:33 AM",0,29.871,0.534,1.188,1073.3,996.088,0,55.674,55.674,7.902,8.328,96.77,7.272,1673.716,0,7.293,7.293,NA,13
"5/24/2022 8:37:33 AM",0.036,29.84,50.23,79.895,72206.3,1033.257,33.257,244.452,244.452,15.384,8.33,96.521,5.52,1572.613,0,5.533,5.536,NA,13
"5/24/2022 8:37:33 AM",0.231,29.627,50.491,79.943,72557.7,1033.532,33.531,65.706,65.706,22.406,8.332,96.379,5.503,777.726,0,5.515,5.519,NA,13
"5/24/2022 8:37:34 AM",0.521,29.571,50.487,79.856,72558.9,1033.549,33.547,19.127,19.127,27.174,8.334,96.395,5.503,915.446,0,5.515,5.519,NA,13
"5/24/2022 8:37:34 AM",0.707,29.566,50.562,79.952,72653.6,1033.609,33.606,5.897,5.897,7.551,8.334,96.52,5.507,738.814,0,5.519,5.523,NA,13
"5/24/2022 8:37:34 AM",0.874,29.564,50.575,79.968,72670.3,1033.62,33.616,1.708,1.708,1.807,8.334,96.361,5.497,416.985,0,5.509,5.513,NA,13
"5/24/2022 8:37:34 AM",1.018,29.564,50.581,79.974,72677,1033.625,33.621,0,0,0,8.334,96.252,5.49,223.106,0,5.502,5.506,NA,13
"5/24/2022 8:37:34 AM",1.226,29.565,50.587,79.984,72685.1,1033.63,33.625,0,0,0,8.335,95.976,5.473,64.825,0,5.485,5.489,NA,13
"5/24/2022 8:37:35 AM",1.348,29.566,50.59,79.991,72688.8,1033.633,33.627,0,0,0,8.336,96.034,5.476,41.631,0,5.488,5.491,NA,13
"5/24/2022 8:37:35 AM",1.471,29.568,50.612,80.023,72715.3,1033.649,33.642,0.218,0.218,0,8.337,95.937,5.47,31.945,0,5.482,5.486,NA,13
"5/24/2022 8:37:35 AM",1.595,29.57,50.624,80.042,72729.9,1033.658,33.651,0,0,1.501,8.336,95.852,5.464,24.469,0,5.477,5.48,NA,13
"5/24/2022 8:37:35 AM",1.729,29.569,50.629,80.049,72737.3,1033.663,33.656,0.733,0.733,0,8.337,95.832,5.463,17.842,0,5.475,5.478,NA,13
"5/24/2022 8:37:35 AM",1.97,29.571,50.633,80.058,72742.4,1033.666,33.658,0,0,0,8.337,95.678,5.454,13.424,0,5.466,5.47,NA,13
"5/24/2022 8:37:36 AM",2.132,29.571,50.64,80.065,72750.1,1033.672,33.663,0,0,2.405,8.338,95.76,5.458,13.084,0,5.47,5.474,NA,13
"5/24/2022 8:37:36 AM",2.288,29.569,50.646,80.072,72758.3,1033.678,33.668,0.062,0.062,0,8.337,95.758,5.458,14.018,0,5.47,5.473,NA,13
"5/24/2022 8:37:36 AM",2.446,29.569,50.653,80.081,72767,1033.684,33.674,0.585,0.585,1.457,8.337,95.765,5.458,18.351,0,5.47,5.474,NA,13
"5/24/2022 8:37:36 AM",2.655,29.568,50.673,80.107,72792,1033.7,33.689,0,0,2.288,8.337,95.846,5.462,22.005,0,5.474,5.477,NA,13
"5/24/2022 8:37:37 AM",2.808,29.569,50.676,80.113,72796.7,1033.704,33.692,0,0,0.772,8.338,96.007,5.471,20.56,0,5.483,5.486,NA,13
"5/24/2022 8:37:37 AM",2.955,29.569,50.68,80.118,72801.3,1033.707,33.694,0.234,0.234,0.524,8.339,95.93,5.466,19.201,0,5.478,5.481,NA,13
"5/24/2022 8:37:37 AM",3.107,29.568,50.682,80.121,72804.2,1033.709,33.696,0.296,0.296,0,8.34,96.006,5.47,18.691,0,5.482,5.485,NA,13
"5/24/2022 8:37:37 AM",3.27,29.569,50.685,80.127,72808.1,1033.712,33.698,0.374,0.374,0,8.34,96.051,5.473,19.116,0,5.485,5.489,NA,13
"5/24/2022 8:37:37 AM",3.513,29.57,50.689,80.132,72812.3,1033.716,33.701,0.055,0.055,0.233,8.34,95.953,5.468,21.07,0,5.48,5.484,NA,13
"5/24/2022 8:37:38 AM",3.678,29.57,50.693,80.138,72817.2,1033.719,33.703,0.062,0.062,0.466,8.339,95.987,5.47,24.553,0,5.482,5.485,NA,13
"5/24/2022 8:37:38 AM",3.843,29.569,50.694,80.139,72818.9,1033.721,33.705,0.226,0.226,0.349,8.339,96.081,5.475,30.416,0,5.487,5.49,NA,13
"5/24/2022 8:37:38 AM",3.991,29.569,50.697,80.143,72823.2,1033.724,33.707,0.226,0.226,0.364,8.34,96.14,5.478,38.402,0,5.49,5.494,NA,13
"5/24/2022 8:37:38 AM",4.215,29.568,50.7,80.145,72826.6,1033.727,33.71,0.156,0.156,0.233,8.34,96.115,5.477,45.963,0,5.489,5.492,NA,13
"5/24/2022 8:37:38 AM",4.372,29.567,50.702,80.147,72829.4,1033.73,33.712,0.109,0.109,0.146,8.341,96.203,5.482,48.257,0,5.494,5.497,NA,13
"5/24/2022 8:37:39 AM",4.524,29.566,50.705,80.15,72833.6,1033.733,33.714,0.101,0.101,0,8.341,96.097,5.475,55.394,0,5.487,5.491,NA,13
"5/24/2022 8:37:39 AM",4.684,29.567,50.703,80.148,72830.5,1033.732,33.712,0.101,0.101,0.044,8.341,96.163,5.479,66.609,0,5.491,5.494,NA,13
"5/24/2022 8:37:39 AM",4.931,29.569,50.694,80.139,72819.8,1033.726,33.705,0.53,0.53,1.078,8.342,96.333,5.49,85.385,0,5.502,5.505,NA,13
"5/24/2022 8:37:39 AM",5.082,29.567,50.697,80.14,72823,1033.729,33.707,0.671,0.671,1.471,8.342,96.307,5.488,123.447,0,5.5,5.503,NA,13
"5/24/2022 8:37:39 AM",5.225,29.566,50.693,80.134,72819.1,1033.727,33.705,0.398,0.398,0.845,8.342,96.249,5.485,158.026,0,5.497,5.501,NA,13
"5/24/2022 8:37:40 AM",5.371,29.565,50.695,80.136,72822,1033.73,33.707,0.164,0.164,0.262,8.342,96.425,5.495,142.818,0,5.507,5.511,NA,13
"5/24/2022 8:37:40 AM",5.524,29.566,50.694,80.135,72819.9,1033.729,33.706,0,0,0,8.342,96.178,5.481,104.501,0,5.493,5.496,NA,13
"5/24/2022 8:37:40 AM",5.777,29.565,50.692,80.131,72818.4,1033.729,33.705,0,0,0,8.342,96.133,5.479,62.531,0,5.491,5.494,NA,13
"5/24/2022 8:37:40 AM",5.954,29.565,50.697,80.139,72824.8,1033.734,33.709,0.039,0.039,0.015,8.342,96.37,5.491,57.008,0,5.504,5.507,NA,13
"5/24/2022 8:37:40 AM",6.132,29.564,50.701,80.143,72829.3,1033.738,33.712,0.203,0.203,0.437,8.341,96.296,5.487,58.453,0,5.5,5.503,NA,13
"5/24/2022 8:37:41 AM",6.314,29.565,50.707,80.152,72837.4,1033.743,33.716,0.211,0.211,0.422,8.34,96.382,5.492,69.073,0,5.505,5.508,NA,13
"5/24/2022 8:37:41 AM",6.594,29.566,50.718,80.169,72850.7,1033.752,33.724,0.031,0.031,0,8.341,96.369,5.491,59.132,0,5.503,5.507,NA,13
"5/24/2022 8:37:41 AM",6.783,29.568,50.719,80.173,72852.2,1033.753,33.724,0.055,0.055,0,8.341,96.359,5.491,50.381,0,5.504,5.507,NA,13
"5/24/2022 8:37:41 AM",6.974,29.568,50.726,80.183,72860.4,1033.759,33.729,0.14,0.14,0.16,8.341,96.268,5.486,45.624,0,5.498,5.501,NA,13
"5/24/2022 8:37:41 AM",7.157,29.568,50.727,80.184,72862.5,1033.761,33.731,0.179,0.179,0.233,8.341,96.314,5.489,44.009,0,5.501,5.504,NA,13
"5/24/2022 8:37:42 AM",7.343,29.567,50.729,80.186,72864.7,1033.763,33.732,0.094,0.094,0.058,8.341,96.226,5.484,45.794,0,5.496,5.499,NA,13
"5/24/2022 8:37:42 AM",7.629,29.566,50.727,80.182,72861.9,1033.763,33.73,0,0,0,8.342,96.257,5.485,42.055,0,5.497,5.501,NA,13
"5/24/2022 8:37:42 AM",7.815,29.566,50.723,80.177,72858,1033.761,33.728,0.117,0.117,0.102,8.342,96.175,5.48,41.206,0,5.493,5.496,NA,13
"5/24/2022 8:37:42 AM",7.993,29.566,50.724,80.178,72858.9,1033.763,33.729,0.125,0.125,0.175,8.341,96.285,5.487,42.48,0,5.499,5.503,NA,13
"5/24/2022 8:37:42 AM",8.173,29.566,50.725,80.178,72859.6,1033.764,33.729,0.031,0.031,0,8.342,96.29,5.487,40.611,0,5.5,5.503,NA,13
"5/24/2022 8:37:43 AM",8.434,29.565,50.723,80.175,72858,1033.764,33.728,0,0,0,8.343,96.159,5.479,37.977,0,5.492,5.495,NA,13
"5/24/2022 8:37:43 AM",8.606,29.563,50.724,80.174,72859.6,1033.766,33.73,0.125,0.125,0.204,8.343,96.107,5.476,38.572,0,5.488,5.491,NA,13
"5/24/2022 8:37:43 AM",8.768,29.563,50.726,80.175,72861.7,1033.768,33.731,0.203,0.203,0.393,8.343,96.14,5.478,39.761,0,5.49,5.494,NA,13
"5/24/2022 8:37:43 AM",8.919,29.562,50.724,80.172,72859.8,1033.768,33.73,0.047,0.047,0,8.343,96.163,5.479,39.167,0,5.491,5.495,NA,13
"5/24/2022 8:37:43 AM",9.079,29.562,50.723,80.171,72858.3,1033.767,33.729,0.062,0.062,0.015,8.344,96.172,5.479,37.637,0,5.491,5.495,NA,13
"5/24/2022 8:37:44 AM",9.306,29.562,50.725,80.173,72861.2,1033.77,33.731,0.117,0.117,0.175,8.345,96.173,5.479,38.487,0,5.491,5.495,NA,13
"5/24/2022 8:37:44 AM",9.45,29.562,50.726,80.175,72862,1033.771,33.731,0.179,0.179,0.233,8.345,96.145,5.477,42.395,0,5.49,5.493,NA,13
"5/24/2022 8:37:44 AM",9.591,29.563,50.726,80.178,72862.9,1033.772,33.731,0.117,0.117,0.102,8.346,96.195,5.481,46.048,0,5.493,5.496,NA,13
"5/24/2022 8:37:44 AM",9.728,29.564,50.727,80.179,72863.8,1033.773,33.732,0.133,0.133,0.262,8.346,96.138,5.477,48.682,0,5.489,5.492,NA,13
"5/24/2022 8:37:44 AM",9.923,29.559,50.729,80.175,72866.3,1033.777,33.734,0.881,0.881,1.982,8.344,96.202,5.481,121.918,0,5.493,5.496,NA,13
"5/24/2022 8:37:45 AM",10.027,29.558,50.727,80.172,72865.1,1033.777,33.734,0.413,0.413,0.874,8.344,96.319,5.487,222.256,0,5.499,5.503,NA,13
"5/24/2022 8:37:45 AM",10.13,29.558,50.728,80.172,72865.3,1033.777,33.734,0.195,0.195,0.335,8.344,96.297,5.486,247.914,0,5.498,5.501,NA,13
"5/24/2022 8:37:45 AM",10.152,29.559,50.728,80.175,72866.4,1033.778,33.734,0.148,0.148,0.262,8.345,96.193,5.48,256.495,0,5.492,5.496,NA,13
"5/24/2022 8:37:45 AM",10.105,29.56,50.725,80.171,72862.1,1033.775,33.732,0.117,0.117,0.146,8.345,96.281,5.485,256.58,0,5.498,5.501,NA,13
"5/24/2022 8:37:46 AM",9.966,29.56,50.726,80.172,72862.5,1033.774,33.732,0.078,0.078,0.058,8.345,96.409,5.494,244.006,0,5.506,5.51,NA,13
"5/24/2022 8:37:46 AM",9.874,29.559,50.728,80.174,72865.1,1033.776,33.734,0.094,0.094,0.029,8.344,96.488,5.5,234.575,0,5.512,5.515,NA,13
"5/24/2022 8:37:46 AM",9.775,29.559,50.73,80.177,72867.8,1033.777,33.735,0.211,0.211,0.116,8.345,96.54,5.502,224.805,0,5.515,5.518,NA,13
"5/24/2022 8:37:46 AM",9.673,29.56,50.735,80.185,72874.2,1033.78,33.739,0.133,0.133,0.073,8.345,96.427,5.496,226.589,0,5.509,5.512,NA,13
"5/24/2022 8:37:46 AM",9.49,29.562,50.745,80.202,72886.2,1033.786,33.746,0.07,0.07,0.015,8.347,96.498,5.501,286.231,0,5.513,5.517,NA,13
"5/24/2022 8:37:47 AM",9.357,29.563,50.742,80.2,72882.8,1033.783,33.743,0.078,0.078,0.058,8.347,96.492,5.501,333.129,0,5.513,5.517,NA,13
"5/24/2022 8:37:47 AM",9.209,29.564,50.746,80.205,72886.8,1033.785,33.746,0.094,0.094,0.044,8.348,96.359,5.494,369.067,0,5.506,5.509,NA,13
"5/24/2022 8:37:47 AM",9.046,29.564,50.747,80.207,72887.6,1033.785,33.746,0.07,0.07,0.058,8.347,96.399,5.496,356.748,0,5.508,5.512,NA,13
"5/24/2022 8:37:47 AM",8.79,29.565,50.75,80.211,72891.4,1033.786,33.749,0.078,0.078,0.073,8.349,96.362,5.494,292.008,0,5.507,5.51,NA,13
"5/24/2022 8:37:47 AM",8.629,29.565,50.751,80.213,72892.5,1033.786,33.749,0.07,0.07,0.073,8.349,96.414,5.498,259.893,0,5.51,5.513,NA,13
"5/24/2022 8:37:48 AM",8.479,29.565,50.752,80.214,72893.6,1033.786,33.75,0.055,0.055,0,8.348,96.489,5.502,258.619,0,5.515,5.518,NA,13
"5/24/2022 8:37:48 AM",8.337,29.565,50.752,80.215,72894,1033.786,33.75,0.078,0.078,0.029,8.348,96.353,5.495,259.044,0,5.507,5.511,NA,13
"5/24/2022 8:37:48 AM",8.201,29.566,50.753,80.217,72894.8,1033.785,33.751,0.07,0.07,0.015,8.347,96.505,5.504,265.416,0,5.516,5.519,NA,13
"5/24/2022 8:37:48 AM",7.941,29.565,50.753,80.217,72895.5,1033.785,33.751,0.055,0.055,0.015,8.348,96.308,5.492,271.788,0,5.504,5.508,NA,13
"5/24/2022 8:37:48 AM",7.748,29.565,50.754,80.218,72896.2,1033.784,33.752,0.148,0.148,0.539,8.347,96.433,5.5,258.874,0,5.512,5.515,NA,13
"5/24/2022 8:37:49 AM",7.546,29.565,50.756,80.221,72898.7,1033.785,33.753,0.078,0.078,0.146,8.347,96.396,5.497,245.875,0,5.51,5.513,NA,13
"5/24/2022 8:37:49 AM",7.355,29.566,50.756,80.222,72898.9,1033.784,33.753,0.062,0.062,0.015,8.344,96.35,5.495,240.607,0,5.507,5.51,NA,13
"5/24/2022 8:37:49 AM",7.11,29.566,50.758,80.224,72900.8,1033.785,33.754,0.055,0.055,0,8.343,96.444,5.5,272.297,0,5.512,5.516,NA,13
"5/24/2022 8:37:49 AM",7.002,29.566,50.763,80.229,72906.4,1033.788,33.758,0.055,0.055,0.029,8.344,96.348,5.494,270.938,0,5.506,5.509,NA,13
"5/24/2022 8:37:49 AM",6.9,29.567,50.765,80.234,72908.7,1033.788,33.759,0.062,0.062,0.058,8.345,96.464,5.5,269.239,0,5.513,5.516,NA,13
"5/24/2022 8:37:50 AM",6.818,29.566,50.77,80.24,72915,1033.792,33.763,0.055,0.055,0.087,8.345,96.458,5.5,270.938,0,5.512,5.515,NA,13
"5/24/2022 8:37:50 AM",6.733,29.566,50.773,80.244,72919,1033.794,33.766,0.062,0.062,0.073,8.347,96.386,5.495,271.108,0,5.508,5.511,NA,13
"5/24/2022 8:37:50 AM",6.585,29.565,50.779,80.252,72927.1,1033.799,33.771,0.117,0.117,0.218,8.345,96.385,5.495,253.266,0,5.507,5.511,NA,13
"5/24/2022 8:37:50 AM",6.46,29.565,50.78,80.252,72927.5,1033.799,33.771,0.094,0.094,0.233,8.346,96.324,5.491,250.038,0,5.503,5.507,NA,13
"5/24/2022 8:37:50 AM",6.314,29.565,50.78,80.253,72927.8,1033.798,33.771,0.07,0.07,0.087,8.346,96.363,5.493,262.187,0,5.505,5.509,NA,13
"5/24/2022 8:37:51 AM",6.151,29.565,50.781,80.253,72928.4,1033.798,33.772,0.047,0.047,0.015,8.345,96.349,5.492,261.423,0,5.504,5.508,NA,13
"5/24/2022 8:37:51 AM",5.928,29.565,50.78,80.252,72927.2,1033.796,33.771,0.055,0.055,0.044,8.345,96.418,5.496,260.063,0,5.508,5.512,NA,13
"5/24/2022 8:37:51 AM",5.796,29.565,50.779,80.251,72926.9,1033.796,33.771,0.07,0.07,0.073,8.345,96.299,5.489,253.181,0,5.501,5.505,NA,13
"5/24/2022 8:37:51 AM",5.69,29.565,50.778,80.249,72924.9,1033.794,33.77,0.07,0.07,0.073,8.344,96.303,5.489,278.839,0,5.502,5.505,NA,13
"5/24/2022 8:37:51 AM",5.624,29.566,50.776,80.247,72922.4,1033.792,33.768,0.086,0.086,0.16,8.344,96.396,5.494,312.059,0,5.506,5.51,NA,13
"5/24/2022 8:37:52 AM",5.56,29.566,50.776,80.248,72922.1,1033.791,33.768,0.109,0.109,0.175,8.344,96.413,5.495,286.316,0,5.507,5.511,NA,13
"5/24/2022 8:37:52 AM",5.433,29.566,50.777,80.248,72923.3,1033.792,33.769,0.109,0.109,0.146,8.344,96.299,5.489,251.227,0,5.501,5.504,NA,13
"5/24/2022 8:37:52 AM",5.315,29.565,50.774,80.244,72919.9,1033.789,33.767,0.062,0.062,0.058,8.345,96.356,5.492,251.652,0,5.504,5.507,NA,13
"5/24/2022 8:37:52 AM",5.197,29.566,50.773,80.243,72919,1033.788,33.766,0.07,0.07,0.058,8.345,96.318,5.489,233.131,0,5.502,5.505,NA,13
"5/24/2022 8:37:52 AM",5.088,29.566,50.774,80.245,72920.2,1033.788,33.767,0.07,0.07,0.073,8.345,96.334,5.49,224.635,0,5.502,5.506,NA,13
"5/24/2022 8:37:53 AM",4.891,29.567,50.772,80.244,72917.3,1033.786,33.765,0.094,0.094,0.102,8.345,96.379,5.493,199.911,0,5.505,5.509,NA,13
"5/24/2022 8:37:53 AM",4.742,29.567,50.774,80.245,72919.1,1033.786,33.766,0.086,0.086,0.102,8.345,96.25,5.485,189.716,0,5.497,5.501,NA,13
"5/24/2022 8:37:53 AM",4.605,29.567,50.772,80.244,72916.8,1033.784,33.764,0.07,0.07,0.015,8.345,96.286,5.487,192.01,0,5.499,5.503,NA,13
"5/24/2022 8:37:53 AM",4.455,29.568,50.771,80.242,72914.7,1033.782,33.763,0.039,0.039,0,8.347,96.269,5.487,211.126,0,5.499,5.502,NA,13
"5/24/2022 8:37:53 AM",4.337,29.567,50.772,80.243,72916.1,1033.783,33.764,0.101,0.101,0.015,8.345,96.392,5.493,223.615,0,5.505,5.509,NA,13
"5/24/2022 8:37:54 AM",4.17,29.567,50.768,80.236,72911.1,1033.779,33.761,0.078,0.078,0.044,8.345,96.251,5.485,205.944,0,5.497,5.501,NA,13
"5/24/2022 8:37:54 AM",4.071,29.567,50.765,80.233,72908.1,1033.777,33.76,0.125,0.125,0.087,8.345,96.315,5.489,188.612,0,5.501,5.505,NA,13
"5/24/2022 8:37:54 AM",3.983,29.567,50.766,80.234,72909.1,1033.777,33.76,0.078,0.078,0.058,8.347,96.391,5.493,183.854,0,5.505,5.509,NA,13
"5/24/2022 8:37:54 AM",3.901,29.566,50.764,80.23,72906.7,1033.775,33.759,0.078,0.078,0.029,8.347,96.372,5.492,177.227,0,5.504,5.508,NA,13
"5/24/2022 8:37:55 AM",3.783,29.567,50.766,80.235,72909.2,1033.776,33.76,0.07,0.07,0.058,8.347,96.286,5.487,163.973,0,5.499,5.502,NA,13
"5/24/2022 8:37:55 AM",3.685,29.568,50.766,80.236,72909.2,1033.776,33.76,0.078,0.078,0.073,8.347,96.386,5.493,156.327,0,5.505,5.508,NA,13
"5/24/2022 8:37:55 AM",3.581,29.567,50.766,80.235,72908.8,1033.775,33.76,0.039,0.039,0,8.347,96.414,5.495,158.026,0,5.507,5.51,NA,13
"5/24/2022 8:37:55 AM",3.479,29.568,50.766,80.236,72909.2,1033.775,33.76,0.14,0.14,0.539,8.347,96.365,5.491,156.922,0,5.504,5.507,NA,13
"5/24/2022 8:37:55 AM",3.39,29.567,50.765,80.233,72907.3,1033.774,33.759,0.094,0.094,0.189,8.347,96.419,5.495,153.098,0,5.507,5.51,NA,13
"5/24/2022 8:37:56 AM",3.296,29.566,50.766,80.233,72908.3,1033.774,33.76,0.07,0.07,0.073,8.348,96.276,5.486,149.615,0,5.498,5.501,NA,13
"5/24/2022 8:37:56 AM",3.239,29.566,50.766,80.233,72908.5,1033.774,33.76,0.07,0.07,0.044,8.348,96.464,5.497,142.563,0,5.509,5.513,NA,13
"5/24/2022 8:37:56 AM",3.182,29.566,50.773,80.241,72917.2,1033.779,33.766,0.07,0.07,0.029,8.348,96.434,5.495,142.563,0,5.507,5.511,NA,13
"5/24/2022 8:37:56 AM",3.117,29.565,50.771,80.239,72915.5,1033.778,33.765,0.062,0.062,0.044,8.348,96.405,5.493,150.549,0,5.506,5.509,NA,13
"5/24/2022 8:37:56 AM",3.013,29.564,50.771,80.237,72915.6,1033.778,33.765,0.055,0.055,0.029,8.348,96.364,5.491,158.791,0,5.503,5.506,NA,13
"5/24/2022 8:37:57 AM",2.945,29.564,50.771,80.237,72915.5,1033.778,33.765,0.07,0.07,0.058,8.348,96.419,5.494,150.38,0,5.506,5.51,NA,13
"5/24/2022 8:37:57 AM",2.867,29.565,50.771,80.237,72914.4,1033.776,33.764,0.055,0.055,0.015,8.349,96.268,5.486,151.144,0,5.498,5.501,NA,13
"5/24/2022 8:37:57 AM",2.771,29.565,50.759,80.222,72900.4,1033.767,33.756,0.07,0.07,0.044,8.349,96.416,5.495,154.373,0,5.507,5.51,NA,13
"5/24/2022 8:37:57 AM",2.66,29.566,50.757,80.22,72897.8,1033.765,33.754,0.078,0.078,0.073,8.349,96.354,5.491,161.934,0,5.503,5.507,NA,13
"5/24/2022 8:37:57 AM",2.509,29.567,50.757,80.221,72897.5,1033.764,33.754,0.055,0.055,0,8.348,96.353,5.491,150.04,0,5.503,5.507,NA,13
"5/24/2022 8:37:58 AM",2.441,29.567,50.756,80.219,72895.8,1033.763,33.753,0.062,0.062,0.029,8.348,96.458,5.497,136.786,0,5.509,5.512,NA,13
"5/24/2022 8:37:58 AM",2.365,29.567,50.753,80.216,72892.2,1033.76,33.75,0.086,0.086,0.044,8.348,96.35,5.491,134.917,0,5.504,5.507,NA,13
"5/24/2022 8:37:58 AM",2.285,29.567,50.753,80.215,72891.5,1033.76,33.75,0.094,0.094,0.073,8.348,96.483,5.499,129.904,0,5.511,5.514,NA,13
"5/24/2022 8:37:58 AM",2.144,29.566,50.752,80.213,72890.4,1033.759,33.75,0.047,0.047,0,8.349,96.378,5.493,133.048,0,5.505,5.509,NA,13
"5/24/2022 8:37:58 AM",2.047,29.566,50.749,80.208,72887.2,1033.756,33.748,0.016,0.016,0,8.349,96.318,5.489,127.95,0,5.502,5.505,NA,13
"5/24/2022 8:37:59 AM",1.951,29.566,50.745,80.203,72882.4,1033.753,33.745,0.016,0.016,0,8.349,96.416,5.495,122.852,0,5.507,5.511,NA,13
"5/24/2022 8:37:59 AM",1.866,29.565,50.745,80.202,72882,1033.753,33.745,0.109,0.109,0.146,8.349,96.389,5.494,120.134,0,5.506,5.509,NA,13
"5/24/2022 8:37:59 AM",1.772,29.565,50.745,80.201,72881.5,1033.752,33.745,0.109,0.109,0.379,8.348,96.385,5.494,119.709,0,5.507,5.51,NA,13
"5/24/2022 8:37:59 AM",1.665,29.565,50.742,80.198,72878.4,1033.75,33.743,0.101,0.101,0.131,8.346,96.222,5.484,131.518,0,5.496,5.5,NA,13
"5/24/2022 8:37:59 AM",1.6,29.565,50.743,80.199,72879.8,1033.75,33.744,0.086,0.086,0.116,8.345,96.28,5.488,139.08,0,5.5,5.503,NA,13
"5/24/2022 8:38:00 AM",1.534,29.566,50.743,80.2,72878.8,1033.749,33.743,0.117,0.117,0.131,8.346,96.313,5.49,138.315,0,5.502,5.505,NA,13
"5/24/2022 8:38:00 AM",1.486,29.565,50.741,80.197,72877.3,1033.748,33.742,0.101,0.101,0.102,8.347,96.276,5.488,141.459,0,5.5,5.504,NA,13
"5/24/2022 8:38:00 AM",1.428,29.565,50.739,80.193,72874,1033.746,33.74,0.047,0.047,0.044,8.347,96.395,5.495,149.53,0,5.507,5.51,NA,13
"5/24/2022 8:38:00 AM",1.414,29.565,50.74,80.194,72874.9,1033.747,33.741,0.008,0.008,0,8.345,96.195,5.483,150.719,0,5.495,5.499,NA,13
"5/24/2022 8:38:00 AM",1.392,29.565,50.738,80.192,72873.2,1033.745,33.74,0.023,0.023,0,8.343,96.274,5.488,142.053,0,5.5,5.504,NA,13
"5/24/2022 8:38:01 AM",1.357,29.566,50.736,80.19,72870.7,1033.744,33.738,0.047,0.047,0,8.345,96.235,5.486,134.747,0,5.499,5.502,NA,13
"5/24/2022 8:38:01 AM",1.284,29.565,50.737,80.191,72871.9,1033.744,33.739,0.039,0.039,0,8.345,96.251,5.487,127.1,0,5.499,5.503,NA,13
"5/24/2022 8:38:01 AM",1.216,29.565,50.737,80.19,72871.6,1033.744,33.739,0,0,0,8.345,96.365,5.494,124.382,0,5.506,5.51,NA,13
"5/24/2022 8:38:01 AM",1.131,29.565,50.736,80.189,72869.8,1033.742,33.737,0.07,0.07,0,8.345,96.322,5.492,125.656,0,5.504,5.507,NA,13
"5/24/2022 8:38:01 AM",1.053,29.565,50.713,80.157,72841.2,1033.725,33.72,0,0,0.335,8.345,96.303,5.492,135.257,0,5.504,5.507,NA,13
"5/24/2022 8:38:02 AM",0.996,29.565,50.734,80.185,72867.4,1033.74,33.736,0.031,0.031,0.146,8.345,96.325,5.492,147.916,0,5.504,5.508,NA,13
"5/24/2022 8:38:02 AM",0.949,29.565,50.732,80.184,72865.7,1033.739,33.735,0.016,0.016,0,8.346,96.294,5.491,144.857,0,5.503,5.506,NA,13
"5/24/2022 8:38:02 AM",0.94,29.565,50.733,80.185,72866.9,1033.74,33.736,0.031,0.031,0,8.346,96.307,5.491,141.714,0,5.504,5.507,NA,13
"5/24/2022 8:38:02 AM",0.94,29.566,50.732,80.185,72865.8,1033.739,33.735,0,0,0,8.346,96.383,5.496,136.786,0,5.508,5.512,NA,13
"5/24/2022 8:38:02 AM",0.93,29.565,50.734,80.186,72867.4,1033.74,33.736,0.094,0.094,0.204,8.344,96.39,5.496,140.439,0,5.509,5.512,NA,13
"5/24/2022 8:38:03 AM",0.895,29.564,50.733,80.183,72866.6,1033.74,33.736,0.094,0.094,0.16,8.345,96.372,5.495,145.537,0,5.508,5.511,NA,13
"5/24/2022 8:38:03 AM",0.852,29.564,50.734,80.184,72867.3,1033.74,33.736,0.133,0.133,0.233,8.345,96.32,5.492,148.85,0,5.505,5.508,NA,13
"5/24/2022 8:38:03 AM",0.819,29.565,50.732,80.184,72865.7,1033.739,33.735,0.062,0.062,0.073,8.344,96.409,5.498,150.804,0,5.51,5.514,NA,13
"5/24/2022 8:38:03 AM",0.772,29.565,50.731,80.182,72864.2,1033.738,33.734,0,0,0,8.344,96.389,5.497,150.889,0,5.509,5.513,NA,13
"5/24/2022 8:38:04 AM",0.704,29.566,50.728,80.179,72860.7,1033.735,33.732,0,0,0,8.344,96.381,5.497,143.923,0,5.509,5.513,NA,13
"5/24/2022 8:38:04 AM",0.631,29.57,50.649,80.076,72760.8,1033.673,33.67,0,0,0,8.344,96.205,5.49,147.661,0,5.502,5.506,NA,13
"5/24/2022 8:38:04 AM",0.577,29.578,50.726,80.195,72856.5,1033.728,33.726,0,0,0,8.344,96.313,5.494,155.222,0,5.506,5.51,NA,13
"5/24/2022 8:38:04 AM",0.52,29.577,50.72,80.185,72848.8,1033.724,33.722,0.008,0.008,0.364,8.344,96.288,5.493,157.856,0,5.505,5.508,NA,13
"5/24/2022 8:38:04 AM",0.45,29.57,50.724,80.179,72854.7,1033.729,33.727,0.156,0.156,0.204,8.345,96.386,5.498,157.686,0,5.51,5.514,NA,13
"5/24/2022 8:38:05 AM",0.412,29.567,50.727,80.179,72858,1033.732,33.73,0.211,0.211,0.655,8.344,96.244,5.49,156.327,0,5.502,5.506,NA,13
"5/24/2022 8:38:05 AM",0.33,29.578,50.734,80.205,72866.2,1033.733,33.732,0,0,0,8.344,96.345,5.495,145.622,0,5.508,5.511,NA,13
"5/24/2022 8:38:05 AM",0.325,29.586,50.725,80.204,72853.3,1033.723,33.722,0.218,0.218,0.364,8.344,96.371,5.498,159.98,0,5.51,5.513,NA,13
"5/24/2022 8:38:05 AM",0.323,29.586,50.701,80.17,72823.4,1033.705,33.704,0,0,0,8.344,96.331,5.496,167.457,0,5.509,5.512,NA,13
"5/24/2022 8:38:05 AM",0.292,29.582,50.713,80.181,72838.7,1033.715,33.714,0,0,0,8.344,96.366,5.498,156.667,0,5.51,5.514,NA,13
"5/24/2022 8:38:06 AM",0.249,29.575,50.719,80.18,72847.1,1033.722,33.721,0.452,0.452,0.918,8.344,96.397,5.5,179.691,0,5.512,5.516,NA,13
"5/24/2022 8:38:06 AM",0.207,29.573,50.709,80.163,72834.8,1033.715,33.714,0,0,0,8.343,96.328,5.496,171.705,0,5.509,5.512,NA,13
"5/24/2022 8:38:06 AM",0.185,29.569,50.693,80.136,72816.4,1033.705,33.704,0,0,0,8.343,96.275,5.494,135.342,0,5.506,5.51,NA,13
"5/24/2022 8:38:06 AM",0.181,29.567,50.694,80.134,72817,1033.706,33.705,0.179,0.179,0.32,8.343,96.412,5.502,116.905,0,5.515,5.518,NA,13
"5/24/2022 8:38:06 AM",0.192,29.564,50.695,80.131,72818.7,1033.708,33.707,0.655,0.655,1.122,8.343,96.317,5.497,128.715,0,5.51,5.513,NA,13
"5/24/2022 8:38:07 AM",0.173,29.564,50.695,80.13,72819,1033.708,33.707,0.663,0.663,1.384,8.342,96.266,5.495,140.694,0,5.507,5.51,NA,13
"5/24/2022 8:38:07 AM",0.133,29.564,50.697,80.133,72821,1033.709,33.708,0.101,0.101,0.073,8.342,96.194,5.49,141.629,0,5.502,5.506,NA,13
"5/24/2022 8:38:07 AM",0.08,29.564,50.695,80.131,72818.8,1033.707,33.707,0.429,0.429,0.699,8.343,96.253,5.494,177.907,0,5.506,5.51,NA,13
"5/24/2022 8:38:07 AM",0,29.564,50.693,80.128,72816.9,1033.706,33.706,1.724,1.724,0,8.343,96.266,5.496,209.512,0,5.508,5.511,NA,13
"5/24/2022 8:38:07 AM",0,29.574,50.477,79.847,72546.2,1033.538,33.538,0,0,0.379,8.344,96.328,5.506,211.891,0,5.518,5.522,NA,13
"5/24/2022 8:38:08 AM",0,29.58,50.245,79.537,72256.2,1033.36,33.361,0.039,0.039,0.888,8.343,96.383,5.517,230.157,0,5.529,5.532,NA,13
"5/24/2022 8:38:08 AM",0,29.579,50.649,80.09,72760,1033.667,33.667,0,0,1.836,8.343,96.309,5.501,210.871,0,5.513,5.517,NA,13
"5/24/2022 8:38:08 AM",0,29.572,50.679,80.121,72798.4,1033.692,33.692,0,0,1.369,8.343,96.338,5.502,226.249,0,5.515,5.518,NA,13
"5/24/2022 8:38:08 AM",0,29.569,50.682,80.119,72801.8,1033.695,33.695,0.64,0.64,0,8.343,96.423,5.508,225.739,0,5.52,5.523,NA,13
"5/24/2022 8:38:08 AM",0,29.566,50.684,80.118,72804.9,1033.698,33.698,0,0,2.667,8.344,96.309,5.502,220.982,0,5.514,5.518,NA,13
"5/24/2022 8:38:09 AM",0,29.564,50.686,80.118,72807.3,1033.7,33.7,0.515,0.515,2.084,8.345,96.33,5.503,251.567,0,5.515,5.519,NA,13
"5/24/2022 8:38:09 AM",0,29.563,50.688,80.12,72810.2,1033.702,33.702,0,0,0.757,8.345,96.449,5.51,215.459,0,5.523,5.526,NA,13
"5/24/2022 8:38:09 AM",0.05,29.564,50.684,80.116,72805.2,1033.699,33.699,0.538,0.538,2.171,8.344,96.321,5.503,197.532,0,5.516,5.519,NA,13
"5/24/2022 8:38:09 AM",0.121,29.564,50.685,80.117,72806.9,1033.7,33.7,0.632,0.632,0.918,8.344,96.421,5.509,150.804,0,5.521,5.524,NA,13
"5/24/2022 8:38:09 AM",0.147,29.563,50.685,80.116,72806.9,1033.701,33.7,1.537,1.537,2.653,8.344,96.401,5.507,149.785,0,5.52,5.523,NA,13
"5/24/2022 8:38:10 AM",0.152,29.561,50.689,80.119,72812.2,1033.704,33.704,0.936,0.936,1.953,8.344,96.539,5.515,181.22,0,5.527,5.531,NA,13
"5/24/2022 8:38:10 AM",0.141,29.561,50.692,80.121,72815.3,1033.707,33.706,0.585,0.585,0.743,8.344,96.613,5.519,231.432,0,5.532,5.535,NA,13
"5/24/2022 8:38:10 AM",0.105,29.561,50.692,80.121,72815.2,1033.706,33.706,0.187,0.187,0.262,8.345,96.46,5.511,294.557,0,5.523,5.527,NA,13
"5/24/2022 8:38:10 AM",0,29.561,50.692,80.123,72816.1,1033.706,33.706,0.016,0.016,0.451,8.345,96.636,5.521,304.582,0,5.533,5.537,NA,13
"5/24/2022 8:38:10 AM",0,29.565,50.684,80.118,72805.2,1033.698,33.699,0,0,0,8.346,96.664,5.524,294.642,0,5.536,5.539,NA,13
"5/24/2022 8:38:11 AM",0,29.581,50.252,79.548,72264.7,1033.365,33.365,0.632,0.632,0,8.345,96.661,5.536,280.793,0,5.549,5.552,NA,13
"5/24/2022 8:38:11 AM",0,29.582,16.501,29.433,26737.6,1008.056,8.056,0.445,0.445,0,8.345,96.65,6.665,305.092,0,6.685,6.685,NA,13
"5/24/2022 8:38:11 AM",0,29.648,8.909,16.751,15197.3,1002.391,2.392,23.613,23.613,60.45,8.346,96.757,6.96,321.065,0,6.981,6.98,NA,13
"5/24/2022 8:38:11 AM",0,29.751,1.682,3.539,3203.7,996.982,0,0,0,0,8.344,96.83,7.252,371.276,0,7.273,7.273,NA,13
"5/24/2022 8:38:11 AM",0,29.34,6.129,11.786,10758.6,1000.419,0.42,0,0,0,8.344,96.721,7.07,397.529,0,7.091,7.091,NA,13
"5/24/2022 8:38:12 AM",0,29.377,6.069,11.686,10660.1,1000.363,0.364,0,0,0,8.345,96.686,7.071,338.906,0,7.092,7.091,NA,13
"5/24/2022 8:38:12 AM",0,29.46,8.716,16.358,14896.5,1002.306,2.306,1.802,1.802,0,8.346,96.604,6.963,267.115,0,6.984,6.983,NA,13
"5/24/2022 8:38:12 AM",0.076,29.55,24.538,42.134,38300.2,1014.053,14.053,2.582,2.582,3.324,8.346,96.65,6.387,302.203,0,6.405,6.405,NA,13
"5/24/2022 8:38:12 AM",0.139,29.56,23.129,39.955,36311.9,1012.999,12.999,3.729,3.729,2.361,8.346,96.452,6.423,467.281,0,6.442,6.442,NA,13
"5/24/2022 8:38:12 AM",0.163,29.562,42.361,68.508,62259.9,1027.41,27.41,2.098,2.098,0.859,8.346,96.563,5.785,410.358,0,5.8,5.802,NA,13
"5/24/2022 8:38:13 AM",0.163,29.563,50.697,80.131,72821.3,1033.71,33.709,0.484,0.484,0.058,8.345,96.498,5.521,421.488,0,5.534,5.537,NA,13
"5/24/2022 8:38:13 AM",0.122,29.564,50.643,80.059,72754.6,1033.669,33.668,0,0,0.495,8.346,96.442,5.52,518.937,0,5.532,5.535,NA,13
"5/24/2022 8:38:13 AM",0.06,29.564,50.689,80.121,72811.3,1033.703,33.703,1.147,1.147,5.107,8.345,96.45,5.518,548.078,0,5.531,5.534,NA,13
"5/24/2022 8:38:13 AM",0,29.564,50.637,80.051,72746.7,1033.663,33.663,11.444,11.444,4.303,8.346,96.473,5.521,522.93,0,5.534,5.537,NA,13
"5/24/2022 8:38:13 AM",0,29.564,50.57,79.959,72663.4,1033.612,33.613,38.169,38.169,4.142,8.347,96.492,5.524,498.886,0,5.536,5.54,NA,13
"5/24/2022 8:38:14 AM",0,29.565,49.934,79.088,71870.3,1033.13,33.131,16.6,16.6,8.445,8.347,96.395,5.538,511.291,0,5.551,5.554,NA,13
"5/24/2022 8:38:14 AM",0,29.636,14.959,26.942,24448.3,1006.892,6.892,0,0,0,8.347,96.584,6.728,587.33,0,6.748,6.747,NA,13
"5/24/2022 8:38:14 AM",0,29.761,2.291,4.737,4287.8,997.433,0,0,0,0,8.347,96.67,7.22,673.819,0,7.241,7.241,NA,13
"5/24/2022 8:38:14 AM",0,29.645,1.214,2.594,2353.9,996.665,0,119.414,119.414,21.31,8.345,96.606,7.259,801.26,0,7.28,7.28,NA,13
"5/24/2022 8:38:15 AM",0,29.651,0.993,2.143,1944.3,996.498,0,506.05,506.05,69.621,8.343,96.607,7.269,918.335,0,7.29,7.29,NA,13
"5/24/2022 8:38:15 AM",0,29.695,0.819,1.784,1617,996.354,0,126.13,126.13,24.721,8.342,96.535,7.27,1042.547,0,7.291,7.291,NA,13
"5/24/2022 8:38:15 AM",0,29.499,0.731,1.595,1451,996.347,0,77.524,77.524,0,8.342,96.547,7.275,1124.024,0,7.296,7.296,NA,13
"5/24/2022 8:38:15 AM",0,29.338,0.672,1.466,1338.3,996.35,0,25.501,25.501,23.652,8.342,96.48,7.272,1153.845,0,7.293,7.293,NA,13
"5/24/2022 8:38:15 AM",0,29.188,0.624,1.361,1246.4,996.359,0,68.218,68.218,16.121,8.342,96.574,7.281,1209.239,0,7.302,7.302,NA,13
"5/24/2022 8:38:16 AM",0,29.105,0.576,1.26,1155.5,996.348,0,163.262,163.262,247.774,8.341,96.575,7.283,1180.862,0,7.304,7.304,NA,13
"5/24/2022 8:38:16 AM",0,29.07,0.526,1.153,1058.2,996.321,0,97.119,97.119,59.169,8.34,96.5,7.279,1023.771,0,7.3,7.3,NA,13
"5/24/2022 8:38:16 AM",0,29.111,0.505,1.109,1016.9,996.292,0,244.366,244.366,150.532,8.339,96.6,7.286,788.261,0,7.307,7.308,NA,13
"5/24/2022 8:38:16 AM",0,29.261,0.488,1.077,984.7,996.236,0,99.811,99.811,292.364,8.339,96.509,7.28,1100.575,0,7.301,7.301,NA,13
"5/24/2022 8:38:16 AM",0,29.668,0.455,1.014,919.7,996.09,0,474.831,474.831,102.63,8.339,96.385,7.272,1154.015,0,7.293,7.293,NA,13
"5/24/2022 8:38:17 AM",0,30.201,0.427,0.963,864.3,995.908,0,255.888,255.888,6.687,8.34,96.446,7.278,1090.464,0,7.299,7.299,NA,13
"5/24/2022 8:38:17 AM",0,30.552,0.392,0.892,794.5,995.774,0,39.542,39.542,0,8.339,96.508,7.283,1131.84,0,7.304,7.304,NA,13
"5/24/2022 8:38:17 AM",0,30.712,0.377,0.863,766.4,995.714,0,0,0,8.445,8.338,96.418,7.277,1161.746,0,7.298,7.298,NA,13
"5/24/2022 8:38:17 AM",0,30.802,0.367,0.842,746.6,995.679,0,0,0,8.019,8.335,96.488,7.282,1188.423,0,7.303,7.303,NA,13
"5/24/2022 8:38:17 AM",0,30.498,0.357,0.814,725.7,995.764,0,2.122,2.122,0,8.332,96.427,7.278,1115.782,0,7.299,7.299,NA,13
"5/24/2022 8:38:18 AM",0,29.835,0.345,0.777,702.2,995.957,0,380.692,380.692,85.533,8.328,96.469,7.281,1064.212,0,7.302,7.302,NA,13
"5/24/2022 8:38:18 AM",0,29.563,0.337,0.757,688.1,996.033,0,184.542,184.542,57.158,8.325,96.437,7.279,1068.799,0,7.3,7.3,NA,13
"5/24/2022 8:38:18 AM",0,29.259,0.333,0.743,679.3,996.12,0,119.687,119.687,19.356,8.32,96.413,7.277,1086.471,0,7.298,7.298,NA,13
"5/24/2022 8:38:18 AM",0,29.061,0.328,0.731,670.7,996.175,0,64.762,64.762,11.38,8.317,96.503,7.284,1112.554,0,7.305,7.305,NA,13
"5/24/2022 8:38:18 AM",0,28.992,0.325,0.722,664,996.193,0,173.192,173.192,57.859,8.313,96.378,7.274,1157.923,0,7.295,7.295,NA,13
"5/24/2022 8:38:19 AM",0,28.881,0.315,0.699,644.2,996.218,0,33.262,33.262,2.565,8.31,96.459,7.281,1322.406,0,7.302,7.302,NA,13
"5/24/2022 8:38:19 AM",0,28.818,0.304,0.675,622.4,996.228,0,9.462,9.462,6.774,8.306,96.502,7.284,1322.236,0,7.305,7.305,NA,13
"5/24/2022 8:38:19 AM",0,28.712,0.291,0.645,596,996.249,0,478.357,478.357,34.905,8.303,96.389,7.276,1315.354,0,7.297,7.297,NA,13
"5/24/2022 8:38:19 AM",0,28.587,0.278,0.615,569.9,996.275,0,151.779,151.779,29.572,8.299,96.492,7.284,1364.886,0,7.305,7.305,NA,13
"5/24/2022 8:38:19 AM",0,28.383,0.268,0.592,550.6,996.327,0,144.517,144.517,58.316,8.296,96.374,7.275,1328.693,0,7.296,7.296,NA,13
"5/24/2022 8:38:20 AM",0,28.191,0.296,0.65,607.1,996.403,0,70.394,70.394,68.93,8.292,96.512,7.284,1150.786,0,7.305,7.305,NA,13
"5/24/2022 8:38:20 AM",0,27.951,0.295,0.644,604.7,996.471,0,27.513,27.513,36.598,8.288,96.426,7.278,1096.836,0,7.299,7.299,NA,13
"5/24/2022 8:38:20 AM",0,27.744,0.281,0.612,577.4,996.519,0,386.589,386.589,458.31,8.283,96.446,7.28,1116.632,0,7.301,7.301,NA,13
"5/24/2022 8:38:20 AM",0,27.649,0.28,0.608,574.6,996.545,0,249.444,249.444,107.416,8.277,96.444,7.279,1103.888,0,7.3,7.3,NA,13
"5/24/2022 8:38:20 AM",0,27.653,0.269,0.585,552.4,996.535,0,35.345,35.345,19.859,8.269,96.491,7.284,1122.324,0,7.305,7.305,NA,13
"5/24/2022 8:38:21 AM",0,27.681,0.266,0.578,546,996.525,0,14.603,14.603,20.54,8.264,96.485,7.283,1118.246,0,7.304,7.304,NA,13
"5/24/2022 8:38:21 AM",0,27.586,0.268,0.581,550.2,996.554,0,21.421,21.421,67.242,8.264,96.538,7.287,1213.487,0,7.308,7.308,NA,13
"5/24/2022 8:38:21 AM",0,27.529,0.267,0.579,548,996.568,0,0,0,0,8.267,96.433,7.279,1305.244,0,7.3,7.3,NA,13
"5/24/2022 8:38:21 AM",0,27.531,0.267,0.579,548.3,996.568,0,0,0,0,8.266,96.526,7.286,1277.717,0,7.307,7.307,NA,13
"5/24/2022 8:38:21 AM",0,27.542,0.264,0.572,542.1,996.563,0,0,0,0,8.266,96.499,7.284,1245.262,0,7.305,7.305,NA,13
"5/24/2022 8:38:22 AM",0,27.556,0.268,0.582,551.5,996.562,0,0,0,0,8.265,96.455,7.28,1209.918,0,7.301,7.301,NA,13
"5/24/2022 8:38:22 AM",0,27.584,0.272,0.591,559.5,996.557,0,0,0,0,8.265,96.453,7.28,1258.516,0,7.301,7.301,NA,13
"5/24/2022 8:38:22 AM",0,27.626,0.272,0.59,558.1,996.545,0,0,0,0,8.264,96.434,7.278,1442.2,0,7.299,7.299,NA,13
"5/24/2022 8:38:22 AM",0,27.672,0.252,0.548,517.9,996.517,0,0,0,0,8.264,96.421,7.278,807.292,0,7.299,7.299,NA,13
"5/24/2022 8:38:22 AM",0,27.714,0.249,0.543,512.4,996.503,0,0,0,0.233,8.263,96.492,7.283,779.51,0,7.304,7.304,NA,13
"5/24/2022 8:38:23 AM",0,27.735,0.247,0.538,507.1,996.495,0,0.117,0.117,0.743,8.264,96.515,7.285,434.317,0,7.306,7.306,NA,13
"5/24/2022 8:38:23 AM",0,27.763,0.242,0.529,498.9,996.484,0,0.008,0.008,0,8.264,96.497,7.283,360.826,0,7.304,7.304,NA,13
"5/24/2022 8:38:23 AM",0,27.799,0.239,0.521,491.1,996.471,0,0,0,1.909,8.265,96.493,7.283,326.927,0,7.304,7.304,NA,13
"5/24/2022 8:38:23 AM",0,27.779,0.24,0.524,493.6,996.478,0,0.429,0.429,3.091,8.264,96.522,7.285,328.286,0,7.306,7.306,NA,13
"5/24/2022 8:38:23 AM",0,27.771,0.233,0.509,480.1,996.475,0,0.905,0.905,5.063,8.264,96.512,7.285,333.044,0,7.306,7.306,NA,13
"5/24/2022 8:38:24 AM",0,27.751,0.229,0.499,470.8,996.477,0,0.757,0.757,5.077,8.264,96.46,7.281,371.191,0,7.302,7.302,NA,13
"5/24/2022 8:38:24 AM",0,27.753,0.225,0.491,463.3,996.474,0,1.131,1.131,5.618,8.264,96.572,7.289,1314.334,0,7.31,7.311,NA,13
"5/24/2022 8:38:24 AM",0,27.752,0.219,0.479,451.8,996.47,0,7.52,7.52,5.823,8.264,96.524,7.286,1444.493,0,7.307,7.307,NA,13
"5/24/2022 8:38:24 AM",0,27.857,0.228,0.499,469.1,996.447,0,1.903,1.903,96.856,8.31,96.501,7.284,572.887,0,7.305,7.305,NA,13
"5/24/2022 8:38:25 AM",0,29.325,1.504,3.159,2885,996.977,0,53.224,53.224,102.614,8.426,96.386,7.224,388.013,0,7.245,7.245,NA,13
"5/24/2022 8:38:25 AM",0,30.037,1.526,3.245,2921.5,996.779,0,15.227,15.227,33.155,8.501,96.482,7.23,332.024,0,7.251,7.251,NA,13
"5/24/2022 8:38:25 AM",0,30.283,1.499,3.207,2873.2,996.684,0,4.345,4.345,13.38,8.572,96.487,7.232,297.021,0,7.253,7.253,NA,13
"5/24/2022 8:38:25 AM",0,30.316,1.578,3.368,3015.5,996.733,0,2.668,2.668,10.381,8.598,96.597,7.237,297.021,0,7.258,7.258,NA,13
"5/24/2022 8:38:25 AM",0,30.325,1.559,3.33,2980.4,996.716,0,2.293,2.293,9.442,8.62,96.472,7.228,304.837,0,7.249,7.249,NA,13
"5/24/2022 8:38:26 AM",0,30.337,1.533,3.278,2933.9,996.693,0,2.13,2.13,9.427,8.639,96.529,7.233,313.588,0,7.254,7.254,NA,13
"5/24/2022 8:38:26 AM",0,30.333,1.478,3.167,2834.8,996.653,0,1.911,1.911,8.767,8.66,96.438,7.228,398.463,0,7.249,7.249,NA,13
"5/24/2022 8:38:26 AM",0,30.331,1.449,3.107,2781,996.631,0,1.88,1.88,8.562,8.674,96.499,7.234,832.44,0,7.255,7.255,NA,13
"5/24/2022 8:38:26 AM",0,30.33,1.452,3.114,2787.5,996.635,0,1.599,1.599,9.295,8.683,96.535,7.237,1321.301,0,7.258,7.258,NA,13
"5/24/2022 8:38:26 AM",0,30.331,1.421,3.05,2729.9,996.611,0,2.013,2.013,9.325,8.689,96.424,7.229,1632.765,0,7.25,7.25,NA,13
"5/24/2022 8:38:27 AM",0,30.331,1.414,3.037,2718,996.606,0,2.137,2.137,9.251,8.699,96.478,7.233,1726.222,0,7.254,7.254,NA,13
"5/24/2022 8:38:27 AM",0,30.332,1.42,3.049,2728.4,996.61,0,1.88,1.88,8.386,8.705,96.55,7.239,1814.665,0,7.26,7.26,NA,13
"5/24/2022 8:38:27 AM",0,30.332,1.381,2.969,2657.7,996.581,0,1.927,1.927,8.562,8.709,96.504,7.237,1853.322,0,7.258,7.258,NA,13
"5/24/2022 8:38:27 AM",0,30.331,1.377,2.962,2651,996.578,0,1.857,1.857,9.677,8.715,96.576,7.243,1882.378,0,7.264,7.264,NA,13
"5/24/2022 8:38:27 AM",0,30.328,1.335,2.876,2574.1,996.548,0,1.662,1.662,10.088,8.718,96.552,7.242,1906.252,0,7.263,7.263,NA,13
"5/24/2022 8:38:28 AM",0,30.326,1.319,2.843,2544.8,996.536,0,1.974,1.974,9.266,8.722,96.558,7.243,1936.243,0,7.264,7.264,NA,13
"5/24/2022 8:38:28 AM",0,30.324,1.318,2.841,2543.4,996.537,0,1.95,1.95,9.178,8.724,96.405,7.232,1951.366,0,7.253,7.253,NA,13
"5/24/2022 8:38:28 AM",0,30.327,1.325,2.855,2555.2,996.54,0,1.997,1.997,9.706,8.725,96.544,7.242,1962.241,0,7.263,7.263,NA,13
"5/24/2022 8:38:28 AM",0,30.327,1.319,2.844,2545.2,996.536,0,1.802,1.802,9.501,8.724,96.516,7.24,1969.378,0,7.261,7.261,NA,13
"5/24/2022 8:38:28 AM",0,30.326,1.309,2.822,2526.5,996.529,0,2.02,2.02,9.574,8.726,96.527,7.241,1972.946,0,7.262,7.262,NA,13
"5/24/2022 8:38:29 AM",0,30.323,1.317,2.838,2540.4,996.536,0,2.106,2.106,9.28,8.726,96.551,7.242,1971.842,0,7.263,7.263,NA,13
"5/24/2022 8:38:29 AM",0,30.32,1.316,2.835,2538.2,996.536,0,1.872,1.872,9.383,8.726,96.516,7.24,1967.084,0,7.261,7.261,NA,13
"5/24/2022 8:38:29 AM",0,30.319,1.304,2.812,2517.1,996.527,0,1.779,1.779,9.354,8.728,96.532,7.241,1959.437,0,7.262,7.262,NA,13
"5/24/2022 8:38:29 AM",0,30.318,1.311,2.826,2529.8,996.533,0,2.02,2.02,9.178,8.728,96.54,7.242,1951.366,0,7.263,7.263,NA,13
"5/24/2022 8:38:29 AM",0,30.315,1.297,2.797,2503.8,996.523,0,2.41,2.41,9.911,8.731,96.456,7.236,1934.969,0,7.257,7.257,NA,13
"5/24/2022 8:38:30 AM",0,30.321,1.297,2.798,2505.2,996.522,0,2.153,2.153,8.796,8.729,96.548,7.243,1922.225,0,7.264,7.264,NA,13
"5/24/2022 8:38:30 AM",0,30.325,1.288,2.779,2487.6,996.513,0,2.036,2.036,8.767,8.728,96.509,7.241,1910.925,0,7.261,7.261,NA,13
"5/24/2022 8:38:30 AM",0,30.325,1.297,2.797,2504.1,996.52,0,1.701,1.701,9.031,8.731,96.643,7.25,1896.567,0,7.271,7.271,NA,13
"5/24/2022 8:38:30 AM",0,30.332,1.292,2.787,2494.7,996.514,0,1.63,1.63,9.295,8.725,96.505,7.24,1880.424,0,7.261,7.261,NA,13
"5/24/2022 8:38:30 AM",0,30.337,1.279,2.761,2470.6,996.503,0,2.044,2.044,9.603,8.723,96.52,7.241,1854.511,0,7.262,7.262,NA,13
"5/24/2022 8:38:31 AM",0,30.338,1.267,2.737,2449.2,996.494,0,1.919,1.919,9.515,8.722,96.473,7.238,1834.546,0,7.259,7.259,NA,13
"5/24/2022 8:38:31 AM",0,30.343,1.252,2.707,2421.9,996.481,0,1.825,1.825,9.618,8.719,96.521,7.242,1815.26,0,7.263,7.263,NA,13
"5/24/2022 8:38:31 AM",0,30.342,1.251,2.704,2419.3,996.48,0,1.732,1.732,9.486,8.719,96.582,7.247,1795.379,0,7.268,7.268,NA,13
"5/24/2022 8:38:31 AM",0,30.346,1.229,2.66,2379.9,996.463,0,2.005,2.005,9.28,8.717,96.563,7.246,1765.728,0,7.267,7.267,NA,13
"5/24/2022 8:38:31 AM",0,30.351,1.239,2.68,2397.4,996.469,0,2.098,2.098,9.486,8.716,96.623,7.25,1746.102,0,7.271,7.271,NA,13
